5 0.847076 0.589481 0.084099 0.095524
0 0.382865 0.902790 0.176875 0.187399
3 0.246370 0.420515 0.214917 0.360423
3 0.358167 0.305676 0.186219 0.314494
3 0.513682 0.256204 0.184885 0.248529
3 0.920867 0.298019 0.158266 0.320377
3 0.540716 0.077174 0.146839 0.130744
3 0.078466 0.095368 0.156932 0.120257
0 0.471299 0.663686 0.138828 0.295754
0 0.597115 0.489361 0.106125 0.142638
1 0.635828 0.266218 0.027365 0.087160
5 0.800021 0.689007 0.108792 0.101415
5 0.883784 0.492895 0.074755 0.086103
1 0.659521 0.286834 0.020021 0.085983
1 0.678211 0.163157 0.048057 0.147233
1 0.806362 0.185533 0.049391 0.123676
5 0.824716 0.926337 0.131484 0.147325
5 0.873440 0.793249 0.102120 0.116719
5 0.914487 0.663686 0.093443 0.133217
5 0.956576 0.530000 0.086849 0.136746
5 0.695562 0.932812 0.141500 0.134375
0 0.682883 0.403971 0.069411 0.106121
0 0.771318 0.324462 0.087437 0.109660
1 0.717258 0.470574 0.058068 0.401645
1 0.629820 0.161976 0.043380 0.140165
5 0.750628 0.800317 0.110130 0.123796
