0 0.761062 0.591016 0.102208 0.092619
0 0.051117 0.734825 0.087474 0.155993
0 0.127083 0.838824 0.104969 0.162500
0 0.195682 0.920225 0.122469 0.159550
0 0.406549 0.583709 0.111422 0.103998
0 0.593935 0.701517 0.220995 0.138125
0 0.790526 0.768948 0.192448 0.120248
0 0.673583 0.489458 0.102208 0.146250
0 0.852221 0.656829 0.124307 0.094246
3 0.560323 0.356209 0.302948 0.324991
0 0.039146 0.625951 0.059854 0.038998
0 0.124320 0.582077 0.136276 0.065000
0 0.177266 0.521953 0.054323 0.038998
4 0.205812 0.423649 0.140885 0.089375
4 0.042823 0.389444 0.085646 0.125285
2 0.030859 0.677137 0.030385 0.047123
2 0.079661 0.737266 0.024865 0.053631
2 0.114654 0.807137 0.026703 0.043869
2 0.150562 0.870510 0.039594 0.053631
2 0.188315 0.924136 0.054328 0.050368
2 0.249552 0.493520 0.027625 0.027629
2 0.282701 0.480519 0.033151 0.021131
2 0.403789 0.425271 0.026703 0.030873
