3 0.360503 0.384003 0.249630 0.303888
3 0.168945 0.247960 0.156182 0.151949
2 0.123891 0.483529 0.015354 0.027096
2 0.139576 0.562445 0.020026 0.029449
2 0.220672 0.681999 0.023365 0.049476
2 0.300432 0.826875 0.028031 0.047114
2 0.368177 0.913451 0.035375 0.057711
0 0.041794 0.326875 0.075422 0.206121
0 0.112878 0.484122 0.065411 0.214366
0 0.185299 0.647252 0.075422 0.293290
0 0.251042 0.773814 0.105458 0.212132
0 0.382195 0.867514 0.162193 0.262656
4 0.607742 0.657923 0.222661 0.298235
4 0.554078 0.341319 0.072083 0.094697
