1 0.947984 0.465896 0.096688 0.446866
6 0.653328 0.502459 0.247698 0.565487
5 0.781779 0.820947 0.104974 0.126746
5 0.871099 0.892449 0.108656 0.123502
5 0.925427 0.943635 0.088396 0.099127
5 0.041909 0.725887 0.070901 0.079623
5 0.108206 0.689329 0.100370 0.035754
5 0.173122 0.657642 0.058932 0.047123
1 0.383070 0.442335 0.095766 0.432243
1 0.497250 0.459398 0.136281 0.700358
1 0.264745 0.751889 0.120625 0.264862
1 0.392276 0.810386 0.110500 0.264871
1 0.866953 0.396834 0.122469 0.454991
4 0.879846 0.730767 0.096682 0.160873
4 0.942461 0.755138 0.087474 0.118621
4 0.026208 0.409752 0.047052 0.185404
