5 0.683109 0.779053 0.485375 0.179504
1 0.084177 0.664922 0.070750 0.300358
1 0.124893 0.584825 0.060068 0.387518
2 0.158932 0.581296 0.046719 0.375735
1 0.197979 0.591893 0.051396 0.354540
1 0.243031 0.597780 0.062740 0.305064
0 0.575768 0.522408 0.596016 0.144890
3 0.797685 0.227348 0.129484 0.289752
3 0.462956 0.088938 0.286339 0.177877
2 0.423242 0.495901 0.030703 0.028272
2 0.478643 0.468217 0.022693 0.031801
2 0.570417 0.456443 0.023365 0.031801
2 0.520690 0.461742 0.021359 0.040046
5 0.217812 0.904848 0.435625 0.173851
3 0.303768 0.219104 0.117474 0.221443
