1 0.696898 0.453497 0.072089 0.379274
0 0.081510 0.457031 0.150844 0.235570
0 0.215333 0.601907 0.104792 0.244991
0 0.340479 0.745014 0.150844 0.222619
3 0.882117 0.401080 0.195568 0.321553
3 0.349823 0.295662 0.202906 0.266195
3 0.046135 0.184945 0.070750 0.190809
3 0.189302 0.227937 0.134156 0.215542
2 0.198979 0.550078 0.036042 0.040046
2 0.312448 0.796843 0.044052 0.060064
2 0.210659 0.841011 0.039380 0.049467
2 0.178622 0.794490 0.026026 0.038869
2 0.115549 0.750312 0.029370 0.049467
1 0.391539 0.461153 0.060734 0.159017
1 0.322125 0.474108 0.060740 0.147224
1 0.452945 0.083640 0.072755 0.167279
1 0.534708 0.090124 0.060073 0.177858
1 0.828721 0.133709 0.050057 0.213189
2 0.127896 0.551259 0.032708 0.042408
2 0.081174 0.482941 0.036714 0.032978
1 0.473638 0.352197 0.066078 0.296820
1 0.532706 0.372812 0.046724 0.328621
1 0.602453 0.376347 0.095448 0.330983
1 0.780331 0.491186 0.112130 0.405184
1 0.956539 0.534177 0.056068 0.180211
