0 0.302771 0.761494 0.132823 0.477013
2 0.273401 0.841006 0.023365 0.070671
2 0.335807 0.863392 0.022698 0.065956
2 0.261385 0.512390 0.018021 0.049467
2 0.286417 0.538300 0.016021 0.032978
2 0.277404 0.442307 0.012682 0.020018
2 0.270732 0.409913 0.014016 0.023557
2 0.255047 0.405795 0.010677 0.024733
2 0.249706 0.356912 0.013349 0.018842
2 0.250372 0.330414 0.013349 0.017665
2 0.247370 0.299784 0.011344 0.024733
3 0.572753 0.492362 0.273651 0.438162
4 0.807365 0.455262 0.098115 0.135450
3 0.381529 0.259150 0.139495 0.164899
3 0.090479 0.554789 0.180958 0.171967
3 0.191635 0.203203 0.044052 0.085983
3 0.115883 0.220280 0.119474 0.115432
0 0.250005 0.386884 0.078323 0.274614
