2 0.397786 0.647436 0.026146 0.037904
2 0.467346 0.807266 0.034547 0.070855
2 0.532706 0.916016 0.042016 0.074145
2 0.013565 0.330253 0.015870 0.029660
3 0.032237 0.228911 0.047620 0.084035
3 0.085927 0.193488 0.070958 0.098869
1 0.365573 0.355786 0.049490 0.192785
1 0.325888 0.309651 0.024276 0.093915
1 0.310016 0.284940 0.028010 0.097215
1 0.296010 0.270933 0.022406 0.082381
3 0.538776 0.358258 0.227823 0.319660
4 0.411792 0.261048 0.041083 0.036250
4 0.814688 0.443116 0.071896 0.077445
4 0.815620 0.540331 0.118583 0.140055
4 0.748391 0.453006 0.127917 0.140055
4 0.731586 0.357436 0.068161 0.107096
4 0.247927 0.492551 0.079365 0.107105
4 0.183969 0.181131 0.041083 0.051085
4 0.142883 0.187725 0.046682 0.060965
5 0.167628 0.796553 0.034547 0.092279
5 0.416458 0.943199 0.035479 0.095570
2 0.130279 0.258575 0.017745 0.014835
2 0.070055 0.267638 0.016807 0.026360
2 0.077057 0.257748 0.012135 0.019779
2 0.083128 0.250335 0.016807 0.014825
2 0.024771 0.342606 0.015875 0.021425
1 0.404320 0.346723 0.037349 0.102160
1 0.429065 0.333548 0.032682 0.121930
1 0.463143 0.397808 0.018672 0.052730
1 0.518701 0.430758 0.058828 0.184550
1 0.404320 0.438176 0.022411 0.100506
1 0.431398 0.464536 0.042953 0.156535
1 0.462211 0.523856 0.044818 0.153244
1 0.508430 0.570818 0.049484 0.168070
1 0.640549 0.476071 0.065359 0.294936
1 0.590130 0.720758 0.026146 0.115340
1 0.690036 0.767716 0.056021 0.232325
1 0.660622 0.782551 0.049484 0.196075
1 0.740456 0.812206 0.070964 0.261985
1 0.788076 0.872348 0.056026 0.214200
1 0.835227 0.887178 0.045755 0.207610
1 0.878177 0.905303 0.043885 0.171360
1 0.925797 0.908598 0.047615 0.168061
0 0.228784 0.261866 0.052286 0.140055
0 0.261932 0.359085 0.066292 0.130175
0 0.296945 0.445593 0.065359 0.138410
0 0.331023 0.533741 0.075630 0.176305
0 0.368372 0.635078 0.075630 0.204311
0 0.419260 0.757831 0.082167 0.209265
0 0.475750 0.860813 0.084969 0.187840
0 0.545779 0.925896 0.127922 0.143355
2 0.280138 0.375565 0.014943 0.024715
2 0.267534 0.381328 0.014005 0.026369
2 0.309083 0.444766 0.016802 0.024715
