2 0.372018 0.669830 0.031307 0.038998
1 0.609589 0.391149 0.053406 0.258364
1 0.644578 0.376526 0.038677 0.264871
1 0.708576 0.463460 0.045120 0.233998
1 0.439237 0.296898 0.060776 0.209623
1 0.277174 0.792514 0.132599 0.407858
1 0.177727 0.646268 0.132599 0.456618
2 0.950286 0.846140 0.036833 0.040625
2 0.934633 0.902201 0.047880 0.038998
2 0.879844 0.845322 0.041437 0.048750
2 0.837029 0.840450 0.047880 0.045496
2 0.814466 0.864825 0.045120 0.035754
2 0.384909 0.972073 0.033151 0.038998
2 0.385831 0.725078 0.031307 0.042252
2 0.382148 0.699076 0.034995 0.038998
1 0.896880 0.422835 0.060771 0.305487
1 0.043242 0.829807 0.082964 0.323529
4 0.143198 0.118157 0.032229 0.060119
4 0.097159 0.214026 0.081953 0.056875
4 0.218245 0.055593 0.060771 0.058502
0 0.414839 0.766517 0.129833 0.440368
0 0.713641 0.851016 0.502760 0.112123
0 0.264284 0.378148 0.095766 0.138116
2 0.379846 0.498392 0.017495 0.024375
2 0.389516 0.513019 0.018417 0.021131
2 0.416677 0.556893 0.030385 0.050368
2 0.430951 0.596705 0.022099 0.035744
2 0.461339 0.682831 0.025781 0.045496
2 0.451208 0.955823 0.023937 0.071498
2 0.488503 0.963948 0.026703 0.068244
