5 0.254617 0.605643 0.037755 0.133254
5 0.280398 0.511397 0.028547 0.107243
5 0.304339 0.426085 0.028542 0.069871
5 0.325057 0.347275 0.016573 0.068244
0 0.029938 0.490271 0.058010 0.207987
6 0.629385 0.757321 0.203500 0.485358
5 0.443841 0.668203 0.069984 0.056866
5 0.364651 0.657642 0.071823 0.058502
5 0.299734 0.641392 0.056167 0.058502
5 0.223768 0.694200 0.031307 0.121875
5 0.275333 0.347275 0.047885 0.078006
5 0.246789 0.418773 0.042359 0.081241
5 0.215482 0.502459 0.040516 0.089366
5 0.177268 0.576392 0.056172 0.091002
5 0.146880 0.663327 0.046958 0.092629
5 0.099000 0.742950 0.059854 0.089375
5 0.066310 0.827449 0.053411 0.118631
5 0.019349 0.929821 0.034990 0.121866
5 0.084263 0.927385 0.116943 0.068244
5 0.186016 0.811204 0.042354 0.118621
0 0.075979 0.362711 0.046958 0.056875
0 0.464099 0.261967 0.082875 0.073125
6 0.306643 0.203465 0.139964 0.160864
