0 0.848539 0.506517 0.061693 0.118621
0 0.902867 0.733203 0.091161 0.198244
0 0.925885 0.865639 0.083792 0.251866
1 0.130766 0.472399 0.110500 0.339614
1 0.188776 0.469959 0.116021 0.263244
1 0.509680 0.283902 0.081953 0.196627
1 0.574599 0.301774 0.081031 0.164118
1 0.610508 0.316397 0.069984 0.183621
1 0.670823 0.536581 0.087479 0.282739
1 0.660693 0.773824 0.094844 0.224246
1 0.812167 0.147403 0.036833 0.144623
1 0.846695 0.222964 0.043276 0.156002
1 0.880766 0.200216 0.043281 0.116994
1 0.053833 0.573065 0.091250 0.297528
1 0.049734 0.361903 0.071823 0.199871
1 0.297435 0.358649 0.058932 0.157629
2 0.852682 0.764890 0.034990 0.086121
2 0.869716 0.842886 0.034068 0.086121
2 0.878464 0.928199 0.038677 0.081250
2 0.933255 0.261153 0.013812 0.034127
2 0.912076 0.244090 0.010130 0.025993
5 0.561706 0.517895 0.057089 0.050368
5 0.517047 0.564205 0.056167 0.058502
5 0.796513 0.277399 0.064453 0.134871
5 0.778096 0.379775 0.055245 0.066627
5 0.731135 0.405772 0.051562 0.056875
5 0.698445 0.462647 0.063536 0.086121
5 0.640435 0.552831 0.034068 0.052004
5 0.615115 0.587771 0.053406 0.063373
5 0.580581 0.632454 0.045120 0.045496
5 0.538687 0.677137 0.071823 0.063373
5 0.491263 0.734012 0.070901 0.066627
5 0.445685 0.803888 0.066297 0.066618
5 0.383990 0.864012 0.064458 0.073116
5 0.333346 0.926572 0.075505 0.058493
5 0.299276 0.972881 0.055250 0.050377
5 0.216354 0.762371 0.125323 0.136654
5 0.333346 0.651953 0.114182 0.116994
5 0.256456 0.591829 0.052484 0.074743
5 0.321375 0.584517 0.057094 0.043869
5 0.352221 0.543892 0.039599 0.043869
5 0.388133 0.530892 0.039599 0.024375
5 0.409310 0.491085 0.026703 0.029246
5 0.441078 0.478897 0.046042 0.034118
5 0.480214 0.451273 0.043281 0.034127
5 0.505997 0.430147 0.030391 0.030882
5 0.121052 0.767325 0.074677 0.048750
5 0.221005 0.865634 0.062615 0.056875
5 0.168979 0.905450 0.056167 0.065000
5 0.131227 0.960694 0.059849 0.058502
5 0.049229 0.805432 0.069156 0.057040
0 0.904708 0.307463 0.078271 0.146250
0 0.865576 0.412275 0.049724 0.112123
0 0.866953 0.602394 0.076427 0.141369
