6 0.128966 0.435781 0.165682 0.293511
3 0.550195 0.292027 0.225599 0.263244
3 0.045544 0.198511 0.078359 0.131783
0 0.256917 0.214844 0.044198 0.102371
0 0.275336 0.270087 0.058932 0.066627
0 0.314008 0.331025 0.064453 0.084494
0 0.348789 0.378971 0.051557 0.090974
0 0.369177 0.422399 0.049958 0.071176
0 0.393969 0.466811 0.062542 0.089467
0 0.418760 0.505009 0.052177 0.086195
0 0.448737 0.552027 0.047734 0.084899
0 0.480193 0.603290 0.054396 0.098603
4 0.182711 0.166705 0.046682 0.064329
4 0.218201 0.165014 0.043484 0.054164
4 0.701625 0.276167 0.063948 0.116232
4 0.296854 0.390703 0.057552 0.094789
4 0.424745 0.216921 0.039646 0.047390
4 0.224276 0.057247 0.030052 0.039494
4 0.283107 0.074173 0.033891 0.044007
1 0.540484 0.609619 0.084406 0.345303
1 0.606987 0.367569 0.043484 0.127509
1 0.617536 0.598897 0.070979 0.378033
1 0.671250 0.584233 0.087604 0.391572
1 0.329464 0.232155 0.016625 0.057546
1 0.341932 0.247955 0.019823 0.062068
1 0.358560 0.262624 0.028776 0.093667
1 0.392771 0.286884 0.047323 0.133162
1 0.428260 0.315662 0.032615 0.127518
1 0.454797 0.328635 0.026854 0.167013
1 0.478776 0.375464 0.031333 0.141057
1 0.516503 0.347817 0.056911 0.185064
2 0.317635 0.310018 0.012146 0.016930
2 0.346729 0.358543 0.011510 0.021443
2 0.333302 0.364182 0.011510 0.019191
2 0.428581 0.491131 0.015349 0.029338
2 0.487729 0.580846 0.019823 0.028217
2 0.062174 0.279545 0.012786 0.010156
5 0.229391 0.717950 0.023656 0.151213
5 0.277352 0.743336 0.028776 0.095919
5 0.347690 0.706103 0.119578 0.032721
5 0.451919 0.733185 0.032609 0.127509
5 0.413552 0.587615 0.031333 0.073355
5 0.441049 0.625983 0.033891 0.073346
5 0.240229 0.585864 0.013490 0.110699
5 0.264560 0.564481 0.035172 0.054164
5 0.277990 0.607927 0.024937 0.048520
5 0.269036 0.512574 0.018542 0.036103
5 0.285341 0.471949 0.019182 0.031599
5 0.283745 0.537399 0.009594 0.015790
5 0.366552 0.671121 0.021740 0.032721
