5 0.200747 0.488649 0.104974 0.056875
0 0.566771 0.259527 0.019333 0.047123
0 0.548354 0.295276 0.019333 0.069871
0 0.580120 0.205087 0.018417 0.068244
0 0.517969 0.904637 0.050646 0.170616
0 0.549734 0.747826 0.051562 0.120248
0 0.577362 0.522771 0.058932 0.320119
1 0.447065 0.342399 0.061693 0.313621
1 0.514745 0.113281 0.042354 0.167371
1 0.547432 0.129527 0.034073 0.160873
1 0.285464 0.229467 0.069979 0.142996
1 0.354063 0.230280 0.070906 0.173869
1 0.406549 0.190464 0.039599 0.136498
1 0.686474 0.352960 0.048802 0.302243
1 0.655169 0.496769 0.065380 0.346112
1 0.712719 0.170965 0.046042 0.159246
1 0.626164 0.176654 0.040516 0.232371
2 0.443380 0.909508 0.050646 0.047123
2 0.474690 0.794949 0.037755 0.055248
2 0.523031 0.632459 0.034990 0.038998
2 0.536844 0.587767 0.036833 0.056875
2 0.564930 0.519517 0.028547 0.030873
2 0.572297 0.456149 0.041437 0.118621
5 0.128466 0.571517 0.089318 0.060129
5 0.088409 0.811117 0.084714 0.081406
5 0.157469 0.705496 0.069979 0.065165
5 0.224229 0.627500 0.067219 0.065165
5 0.295591 0.534062 0.068141 0.066783
5 0.349461 0.459315 0.045120 0.053778
5 0.392276 0.397564 0.038677 0.037537
5 0.193841 0.428442 0.037755 0.040781
5 0.244487 0.385377 0.043276 0.061912
5 0.491724 0.244821 0.011052 0.057031
3 0.847156 0.681199 0.198896 0.406241
3 0.904247 0.091342 0.154693 0.159246
4 0.843474 0.371645 0.204417 0.199871
3 0.628924 0.069407 0.095766 0.108869
