5 0.295427 0.581291 0.063406 0.199053
5 0.336474 0.745607 0.070750 0.122500
3 0.064487 0.160211 0.032703 0.073033
3 0.091521 0.159030 0.029365 0.042399
1 0.760638 0.553617 0.058068 0.318024
1 0.823716 0.691365 0.048057 0.233336
1 0.898469 0.580060 0.094781 0.359366
5 0.485648 0.726172 0.039380 0.067142
5 0.508010 0.795074 0.042719 0.075386
5 0.532039 0.862803 0.038714 0.048290
5 0.545385 0.942895 0.080094 0.060074
5 0.616471 0.921048 0.059401 0.070790
5 0.681547 0.902790 0.069417 0.074329
5 0.733943 0.879821 0.028698 0.066075
5 0.798018 0.918162 0.042047 0.093051
5 0.842404 0.962909 0.052057 0.074182
5 0.813034 0.849196 0.066745 0.049586
5 0.873440 0.822698 0.055401 0.064899
5 0.930174 0.811503 0.055401 0.051939
5 0.978232 0.789127 0.040714 0.061360
1 0.583432 0.410506 0.072083 0.269724
1 0.656185 0.460565 0.056068 0.259127
1 0.695898 0.341599 0.047391 0.334504
1 0.604792 0.221457 0.098781 0.160193
1 0.779664 0.219104 0.065411 0.275616
1 0.846073 0.147192 0.068750 0.254531
5 0.352495 0.854554 0.069417 0.085983
5 0.371516 0.951144 0.072750 0.088336
5 0.392875 0.444660 0.034042 0.076563
5 0.415901 0.522399 0.045385 0.078915
5 0.441599 0.600726 0.036708 0.065956
5 0.465625 0.663745 0.052729 0.055358
1 0.670536 0.093663 0.079427 0.163722
5 0.237359 0.745593 0.088771 0.508814
5 0.603122 0.748488 0.063411 0.046057
3 0.155594 0.345133 0.256302 0.259127
3 0.438927 0.196723 0.175542 0.148410
3 0.270732 0.147252 0.138161 0.094228
3 0.026443 0.161916 0.038042 0.079035
