2 0.248372 0.719104 0.041380 0.060064
4 0.986612 0.405777 0.026776 0.052969
4 0.910484 0.446429 0.041385 0.051829
4 0.836396 0.488244 0.034708 0.062426
4 0.809365 0.499430 0.040719 0.058897
4 0.766312 0.520046 0.052063 0.074210
4 0.366479 0.043001 0.093510 0.086002
3 0.136867 0.141356 0.273734 0.282711
3 0.254010 0.055372 0.111531 0.110744
3 0.726602 0.225579 0.174203 0.246176
3 0.604424 0.242661 0.100849 0.273263
3 0.503003 0.278585 0.154182 0.340404
2 0.172617 0.755616 0.031370 0.057721
2 0.104870 0.789775 0.036042 0.050653
2 0.023734 0.885772 0.047469 0.065956
0 0.633409 0.585841 0.184297 0.306719
0 0.449594 0.752624 0.180292 0.216259
0 0.289805 0.889384 0.141047 0.221232
0 0.113198 0.929669 0.204323 0.140662
5 0.952445 0.783718 0.095109 0.187987
5 0.871693 0.866406 0.063354 0.127206
5 0.785589 0.935322 0.101000 0.129357
