0 0.403789 0.794136 0.116943 0.404614
0 0.479755 0.237592 0.034990 0.094246
0 0.462719 0.326149 0.041438 0.092629
0 0.442922 0.410648 0.044198 0.095873
0 0.418060 0.488644 0.051568 0.105616
0 0.400563 0.554458 0.064458 0.100754
2 0.414375 0.660083 0.025781 0.048750
2 0.413456 0.592642 0.016578 0.030873
2 0.434633 0.495147 0.014734 0.024375
2 0.427268 0.733203 0.031307 0.045506
2 0.426346 0.778704 0.025786 0.045496
2 0.465482 0.350524 0.017495 0.030882
2 0.477453 0.296089 0.011969 0.019494
2 0.479755 0.277399 0.009208 0.021121
2 0.343935 0.669017 0.019339 0.034118
2 0.347620 0.689329 0.023021 0.029246
2 0.347156 0.712891 0.018417 0.037381
2 0.350841 0.764076 0.022099 0.038998
2 0.348078 0.792514 0.018417 0.030873
2 0.349919 0.842073 0.029464 0.035744
2 0.354984 0.879449 0.032229 0.042243
2 0.353143 0.923323 0.035911 0.035744
2 0.356365 0.964756 0.034990 0.047123
6 0.105438 0.353695 0.210875 0.242279
5 0.220547 0.748640 0.050646 0.069871
5 0.275794 0.703952 0.070901 0.074743
5 0.218703 0.528456 0.015656 0.058493
5 0.217320 0.586144 0.031307 0.053631
5 0.245406 0.632454 0.023021 0.065000
5 0.239883 0.496774 0.035911 0.024375
5 0.345318 0.614577 0.027625 0.061746
5 0.353602 0.534959 0.031307 0.100744
4 0.200747 0.196962 0.066297 0.103998
4 0.355906 0.328589 0.131677 0.133244
1 0.507378 0.551204 0.031307 0.204743
1 0.536383 0.683640 0.072745 0.307114
1 0.523953 0.247339 0.029469 0.116994
1 0.565849 0.360276 0.041437 0.212868
1 0.512904 0.405772 0.031307 0.193364
1 0.127083 0.716953 0.208104 0.562233
4 0.582885 0.196967 0.042354 0.074743
4 0.562167 0.175032 0.041438 0.079623
4 0.552497 0.042597 0.022099 0.035744
4 0.589328 0.046659 0.027625 0.030873
4 0.467323 0.142532 0.041437 0.063373
4 0.500932 0.141714 0.042354 0.055248
4 0.069073 0.088093 0.033146 0.051994
3 0.655169 0.343208 0.133516 0.253493
