3 0.705240 0.089527 0.132823 0.179053
2 0.709581 0.729701 0.044047 0.069494
2 0.679544 0.929352 0.041380 0.080101
2 0.773656 0.710271 0.028031 0.065965
2 0.701570 0.672578 0.041380 0.058888
2 0.721594 0.580115 0.018688 0.053006
2 0.732609 0.547137 0.018021 0.038869
2 0.721594 0.510032 0.017354 0.044752
2 0.702570 0.477054 0.022026 0.035340
3 0.958245 0.425230 0.083510 0.261489
3 0.850745 0.256797 0.123479 0.306241
1 0.137242 0.398722 0.111464 0.297996
1 0.064823 0.484710 0.077427 0.255597
1 0.392539 0.276820 0.030703 0.127206
1 0.426581 0.263860 0.040047 0.136636
1 0.465961 0.266218 0.030703 0.157840
1 0.579094 0.354559 0.082094 0.325092
1 0.490656 0.200850 0.029365 0.102472
1 0.586768 0.096608 0.040047 0.157831
1 0.337474 0.223226 0.026031 0.173143
1 0.361505 0.231471 0.032708 0.147224
1 0.406557 0.139012 0.048052 0.148410
1 0.280742 0.181999 0.036714 0.104825
1 0.318786 0.178465 0.038042 0.156654
1 0.198646 0.213805 0.055396 0.126029
1 0.130565 0.232652 0.047391 0.147233
1 0.033411 0.366926 0.066823 0.366314
5 0.119888 0.860386 0.020693 0.057831
5 0.143247 0.826820 0.023359 0.068437
5 0.171281 0.790308 0.026031 0.063722
5 0.202315 0.752022 0.030703 0.074320
5 0.238026 0.704320 0.038042 0.077849
5 0.274068 0.651319 0.030031 0.063722
5 0.308440 0.601847 0.032036 0.070790
5 0.340479 0.555910 0.026698 0.059007
5 0.016432 0.758506 0.032708 0.080211
5 0.051807 0.720813 0.035375 0.082564
5 0.094859 0.898139 0.026698 0.034164
5 0.041755 0.942886 0.083510 0.114228
0 0.750961 0.703768 0.074755 0.592463
5 0.095859 0.673107 0.043385 0.086103
5 0.133904 0.626581 0.039380 0.061360
5 0.213664 0.613097 0.098786 0.045864
5 0.289753 0.521222 0.092109 0.057721
5 0.377190 0.357500 0.016016 0.027096
5 0.361805 0.384591 0.041453 0.020028
5 0.337443 0.405795 0.038115 0.022381
5 0.314414 0.435827 0.026766 0.030625
5 0.284378 0.466452 0.036109 0.025919
5 0.216669 0.531172 0.022026 0.049586
5 0.201315 0.966443 0.050057 0.067114
5 0.240695 0.909265 0.027370 0.106121
5 0.271398 0.858028 0.031370 0.097877
5 0.302768 0.807385 0.027370 0.107307
5 0.335807 0.749669 0.033375 0.137923
5 0.365174 0.693722 0.028036 0.103768
5 0.396878 0.628938 0.031370 0.115542
5 0.428250 0.570634 0.027365 0.119081
5 0.462622 0.517629 0.037380 0.107298
5 0.501669 0.440483 0.034036 0.096700
5 0.533039 0.376287 0.031370 0.090809
