5 0.276716 0.894885 0.065380 0.066627
5 0.289146 0.960699 0.064458 0.065000
5 0.266125 0.640579 0.062615 0.029246
5 0.244487 0.681204 0.024859 0.029246
5 0.234818 0.712077 0.018417 0.022757
5 0.232057 0.744577 0.025781 0.045496
5 0.238503 0.779513 0.022099 0.034118
5 0.263826 0.808759 0.037755 0.040625
5 0.296052 0.814449 0.030385 0.029246
5 0.366953 0.886760 0.041438 0.060119
5 0.399643 0.814449 0.018411 0.113750
5 0.416216 0.680391 0.022099 0.076369
5 0.408852 0.734012 0.029464 0.047123
5 0.332424 0.814449 0.042359 0.019504
5 0.373859 0.795763 0.036833 0.027629
5 0.307563 0.622702 0.023938 0.016250
5 0.335185 0.608892 0.033151 0.017877
5 0.370177 0.611328 0.036833 0.026002
5 0.402406 0.632454 0.033146 0.035754
4 0.591169 0.163653 0.040516 0.056866
4 0.938318 0.450460 0.108656 0.162500
4 0.700747 0.207528 0.051568 0.082868
4 0.686938 0.046654 0.027625 0.037371
4 0.732977 0.052344 0.033151 0.035754
4 0.171745 0.080781 0.032229 0.043879
1 0.764284 0.693392 0.044203 0.183621
1 0.642276 0.426898 0.032229 0.209623
1 0.701669 0.482142 0.064453 0.261618
1 0.621557 0.867261 0.090240 0.245368
1 0.616495 0.622707 0.052490 0.250248
3 0.366495 0.216461 0.081031 0.094246
3 0.805721 0.439899 0.149172 0.342868
3 0.429570 0.158782 0.054328 0.079623
3 0.291448 0.210777 0.076427 0.108869
4 0.201669 0.162027 0.044203 0.050377
6 0.124734 0.452822 0.245948 0.291048
1 0.783161 0.557702 0.046958 0.253493
1 0.792831 0.825014 0.033151 0.170616
0 0.425427 0.899761 0.069979 0.196618
0 0.477453 0.712891 0.094844 0.219366
0 0.532240 0.528456 0.064458 0.204743
0 0.576901 0.379770 0.041438 0.118621
0 0.604065 0.268465 0.031307 0.107243
0 0.648263 0.195340 0.047880 0.061746
5 0.057560 0.907073 0.098526 0.078006
5 0.138133 0.847762 0.066297 0.079623
5 0.209034 0.842886 0.077349 0.076379
