2 0.930174 0.704968 0.020693 0.048300
4 0.919828 0.306852 0.089438 0.161369
4 0.950529 0.134297 0.065411 0.103649
4 0.674872 0.130767 0.048057 0.117785
1 0.025737 0.362799 0.051474 0.289752
1 0.124193 0.330997 0.056135 0.289752
1 0.179589 0.359269 0.050792 0.221443
1 0.262055 0.336889 0.059401 0.268557
2 0.736945 0.971742 0.054734 0.056517
2 0.363841 0.842187 0.042714 0.051820
2 0.350823 0.866926 0.043385 0.051829
2 0.441932 0.839830 0.022698 0.051829
2 0.466292 0.844545 0.026031 0.044752
2 0.498333 0.861622 0.024698 0.060064
2 0.526698 0.867514 0.024031 0.074200
2 0.600453 0.944660 0.027365 0.077739
2 0.775326 0.934058 0.038047 0.084807
2 0.355130 0.735593 0.041448 0.034164
2 0.485984 0.748548 0.017354 0.050643
2 0.511346 0.745607 0.020026 0.065956
2 0.570750 0.755032 0.018687 0.054182
2 0.589107 0.747376 0.023359 0.055358
2 0.634492 0.755616 0.024693 0.057721
2 0.664828 0.754439 0.028104 0.071857
2 0.948195 0.693194 0.020693 0.053006
2 0.889115 0.705561 0.034688 0.054136
3 0.510312 0.137831 0.152917 0.214375
3 0.182922 0.800951 0.365844 0.398097
3 0.380826 0.296838 0.170266 0.249706
3 0.478974 0.448787 0.115469 0.313309
3 0.771987 0.329237 0.151516 0.234393
3 0.657518 0.502381 0.216255 0.342757
