0 0.861891 0.698267 0.055250 0.079623
4 0.424966 0.134407 0.069057 0.112123
4 0.653786 0.114903 0.051562 0.079623
4 0.339789 0.490271 0.123391 0.271369
4 0.122018 0.220524 0.061693 0.089375
4 0.674505 0.267652 0.059854 0.095873
4 0.931688 0.782927 0.076427 0.154366
0 0.903789 0.621893 0.035911 0.147868
0 0.961336 0.529269 0.075505 0.060119
0 0.619255 0.729949 0.078271 0.058502
0 0.698448 0.689329 0.094844 0.074743
0 0.785003 0.647082 0.074589 0.084494
0 0.804799 0.554458 0.062620 0.133254
0 0.712719 0.443148 0.046042 0.050377
0 0.754154 0.478897 0.042359 0.056875
0 0.638133 0.424458 0.095766 0.052004
0 0.230674 0.478084 0.105891 0.051994
0 0.020271 0.498396 0.036833 0.043869
0 0.630766 0.387086 0.038677 0.016250
0 0.668060 0.370023 0.039599 0.021131
0 0.568612 0.187215 0.056172 0.032500
0 0.747708 0.300152 0.036833 0.060119
0 0.712258 0.348088 0.043276 0.029246
0 0.624781 0.212399 0.048802 0.040625
0 0.508760 0.182344 0.058010 0.029246
0 0.426807 0.204278 0.081948 0.034127
0 0.360049 0.847762 0.138120 0.073116
0 0.524875 0.824200 0.178635 0.097500
0 0.650102 0.858323 0.086557 0.133244
0 0.725609 0.765703 0.066302 0.058502
0 0.792370 0.738888 0.065375 0.060129
3 0.824596 0.413897 0.150089 0.261618
2 0.779477 0.581268 0.024859 0.040625
2 0.766125 0.587767 0.020260 0.034118
2 0.742646 0.603208 0.028542 0.045496
2 0.720544 0.828263 0.035911 0.053621
2 0.714102 0.848575 0.046964 0.065000
2 0.712258 0.888387 0.052484 0.066627
2 0.686474 0.935510 0.048802 0.066627
2 0.498630 0.865634 0.028542 0.040625
2 0.464560 0.868888 0.028547 0.040625
2 0.439237 0.882702 0.038672 0.048750
2 0.410232 0.894072 0.037755 0.058493
2 0.326901 0.965574 0.062615 0.038998
2 0.329203 0.925763 0.048802 0.040625
2 0.575060 0.717762 0.026703 0.047123
2 0.555721 0.729949 0.030391 0.058502
2 0.518888 0.743764 0.032224 0.056866
2 0.500010 0.747013 0.027625 0.050368
2 0.440159 0.775450 0.036828 0.058493
2 0.416216 0.778704 0.031307 0.065000
3 0.148263 0.377335 0.213630 0.233989
3 0.251393 0.166089 0.176797 0.181994
3 0.558943 0.296898 0.136281 0.157619
3 0.500471 0.456958 0.190609 0.285993
