1 0.873104 0.417569 0.061406 0.323906
1 0.786003 0.253263 0.030036 0.110717
5 0.573422 0.698479 0.053396 0.603042
5 0.729271 0.680813 0.086104 0.638373
1 0.822380 0.243837 0.041385 0.164899
1 0.739281 0.216751 0.060740 0.134274
4 0.288750 0.749729 0.062073 0.133097
4 0.313448 0.679646 0.044719 0.084807
4 0.333471 0.635478 0.038047 0.078915
0 0.148919 0.772684 0.084099 0.454632
3 0.528034 0.262684 0.213589 0.247353
3 0.108167 0.379288 0.216333 0.381627
1 0.925836 0.520634 0.065411 0.343934
1 0.686888 0.192008 0.040047 0.101296
