0 0.177266 0.782767 0.291896 0.053621
0 0.437396 0.429338 0.034990 0.077996
1 0.328279 0.229462 0.043276 0.100744
1 0.342091 0.144968 0.045120 0.097491
1 0.370177 0.080781 0.055250 0.160864
1 0.848078 0.193718 0.086552 0.354237
3 0.178651 0.559334 0.252302 0.360744
4 0.403326 0.552017 0.141807 0.190119
4 0.076854 0.235882 0.072833 0.126912
4 0.559404 0.221337 0.116943 0.133244
4 0.213638 0.227031 0.084714 0.134871
0 0.074596 0.345648 0.123391 0.030873
0 0.528555 0.553644 0.068141 0.138116
0 0.493568 0.514642 0.044198 0.102371
0 0.462258 0.472399 0.033151 0.073125
0 0.393198 0.745391 0.138125 0.053631
0 0.540482 0.625956 0.077443 0.159246
0 0.478831 0.709642 0.049724 0.056875
0 0.257839 0.320460 0.224677 0.048750
0 0.386292 0.338336 0.041438 0.094246
0 0.413917 0.389522 0.037750 0.073125
0 0.136753 0.860763 0.260589 0.108879
0 0.262904 0.936324 0.100370 0.126746
