2 0.249372 0.692541 0.042047 0.033097
2 0.519357 0.690836 0.026703 0.048290
3 0.243333 0.123695 0.144906 0.153125
3 0.153594 0.266218 0.182885 0.176682
3 0.296094 0.369283 0.102125 0.220257
3 0.432255 0.378699 0.167531 0.290928
3 0.698234 0.345133 0.134823 0.237932
3 0.492292 0.253263 0.130219 0.157831
4 0.607128 0.094251 0.038047 0.065965
2 0.611466 0.490009 0.022693 0.049467
2 0.643503 0.469986 0.030703 0.051829
2 0.396872 0.573033 0.016672 0.038897
2 0.446271 0.563038 0.015354 0.032987
2 0.463958 0.556562 0.014687 0.031801
2 0.415234 0.570694 0.020021 0.043575
2 0.354164 0.581291 0.022026 0.041222
2 0.333471 0.588359 0.020693 0.036517
2 0.235690 0.604848 0.029370 0.024733
2 0.257349 0.670221 0.034104 0.032978
3 0.740951 0.805074 0.278995 0.389853
3 0.254339 0.750322 0.508677 0.499357
4 0.402552 0.124288 0.041385 0.102472
