1 0.370638 0.338341 0.061693 0.373741
1 0.274411 0.495142 0.106812 0.303869
1 0.174505 0.409835 0.080115 0.386746
1 0.093013 0.336714 0.130755 0.513483
6 0.659773 0.352937 0.220068 0.560653
4 0.308898 0.447941 0.052578 0.096029
4 0.033115 0.391066 0.062708 0.154540
4 0.866909 0.538938 0.034161 0.109035
4 0.907885 0.545437 0.051656 0.118778
4 0.958529 0.556811 0.075599 0.135037
1 0.960417 0.269274 0.066302 0.437114
1 0.899182 0.291213 0.078271 0.396489
1 0.834724 0.296903 0.085635 0.550864
1 0.798354 0.389522 0.047885 0.453364
1 0.753234 0.245717 0.051562 0.224246
1 0.724688 0.233525 0.053406 0.242123
1 0.500932 0.285354 0.132594 0.570708
1 0.410693 0.303401 0.057094 0.411121
1 0.399643 0.518709 0.103130 0.266498
