0 0.710372 0.733120 0.034161 0.042417
0 0.677727 0.809577 0.029464 0.077996
0 0.641357 0.867266 0.043276 0.079623
1 0.087490 0.248153 0.079188 0.248621
1 0.168521 0.392771 0.069979 0.346112
1 0.583805 0.231903 0.086557 0.235625
1 0.677255 0.326962 0.109552 0.156002
1 0.217781 0.419582 0.094844 0.373741
0 0.792370 0.532518 0.023021 0.099118
0 0.780398 0.604017 0.024859 0.082868
0 0.755995 0.640579 0.027625 0.052004
0 0.734357 0.693392 0.035911 0.053621
1 0.875242 0.399274 0.070901 0.385110
0 0.604063 0.944449 0.064458 0.110496
3 0.446604 0.544710 0.362802 0.549237
3 0.105445 0.792665 0.177714 0.414669
0 0.168518 0.605639 0.086557 0.095873
0 0.257839 0.679577 0.092083 0.097500
0 0.346698 0.753511 0.087479 0.089375
0 0.439698 0.808759 0.091156 0.086121
0 0.529938 0.865634 0.081948 0.086121
