1 0.180029 0.660892 0.142724 0.648364
1 0.086570 0.539017 0.049724 0.450110
1 0.328281 0.851011 0.120625 0.294118
1 0.383068 0.305836 0.020260 0.260000
1 0.426346 0.491085 0.066297 0.233989
1 0.430029 0.308277 0.049724 0.186866
1 0.480674 0.335087 0.038672 0.198244
1 0.538687 0.555271 0.071823 0.411112
1 0.604984 0.504894 0.069979 0.472858
1 0.808484 0.597518 0.088396 0.401360
1 0.896880 0.651144 0.082875 0.394862
1 0.673583 0.348088 0.067219 0.250239
1 0.702591 0.192904 0.128911 0.134871
1 0.905630 0.254655 0.111417 0.365616
1 0.709036 0.677950 0.117865 0.458235
1 0.547893 0.128718 0.042359 0.116994
0 0.340714 0.259527 0.027625 0.147877
0 0.322755 0.417151 0.024865 0.245368
0 0.308021 0.513019 0.032229 0.242123
0 0.344396 0.676328 0.034990 0.139752
0 0.392737 0.833139 0.056172 0.251866
0 0.431872 0.929164 0.023943 0.141673
2 0.468706 0.950133 0.033151 0.066627
2 0.342555 0.586144 0.022099 0.063373
2 0.324135 0.524393 0.016573 0.037371
2 0.318151 0.483773 0.013812 0.034127
2 0.325057 0.414710 0.020260 0.029256
2 0.339792 0.251402 0.011052 0.082877
6 0.056641 0.322086 0.096687 0.185239
4 0.234359 0.295276 0.131677 0.121875
3 0.184172 0.163653 0.062615 0.095873
3 0.255997 0.145777 0.088401 0.066627
3 0.319992 0.143341 0.034068 0.058502
5 0.034081 0.778704 0.029464 0.081250
