1 0.131901 0.365156 0.055396 0.292114
1 0.344484 0.179058 0.044052 0.181388
1 0.335471 0.385767 0.058068 0.243814
1 0.380193 0.397551 0.035375 0.133097
3 0.901846 0.059494 0.196307 0.118989
1 0.185596 0.918681 0.090839 0.162638
1 0.113547 0.819164 0.064073 0.326379
1 0.071828 0.545368 0.096781 0.237923
1 0.081508 0.415216 0.077422 0.227325
1 0.167943 0.286241 0.042052 0.263842
0 0.034081 0.926926 0.068161 0.146149
0 0.019729 0.691953 0.039458 0.302822
3 0.367510 0.135473 0.082094 0.153116
3 0.460956 0.084825 0.127484 0.141342
3 0.524029 0.185533 0.205578 0.095404
3 0.759974 0.100138 0.079427 0.124853
3 0.680214 0.091893 0.072083 0.150772
6 0.514352 0.425818 0.126151 0.208474
5 0.735276 0.912863 0.134156 0.167252
5 0.472302 0.769159 0.070083 0.056535
5 0.539380 0.734357 0.062740 0.081397
5 0.597784 0.691953 0.048724 0.064899
5 0.789339 0.767394 0.035375 0.069494
5 0.750294 0.729113 0.038714 0.058888
5 0.705242 0.687891 0.050057 0.068318
5 0.979271 0.701438 0.041458 0.053006
5 0.937849 0.671985 0.041385 0.045938
5 0.893797 0.645487 0.044052 0.061250
5 0.838396 0.608971 0.070750 0.075386
5 0.819378 0.496489 0.074089 0.060074
5 0.786003 0.545901 0.039380 0.060184
5 0.744286 0.584182 0.033375 0.054301
5 0.702906 0.619513 0.045385 0.068438
5 0.979604 0.926994 0.040792 0.063603
5 0.940187 0.898722 0.035375 0.077739
5 0.903474 0.861622 0.036708 0.071847
5 0.864094 0.829821 0.043385 0.069494
5 0.650174 0.652495 0.057401 0.066075
5 0.826719 0.794485 0.038042 0.081268
1 0.569417 0.227937 0.054729 0.142528
1 0.299766 0.306857 0.046719 0.170790
1 0.430586 0.482941 0.065411 0.294467
1 0.624812 0.441719 0.034708 0.254412
1 0.651846 0.485299 0.027370 0.150763
1 0.677875 0.472344 0.035375 0.113070
1 0.736948 0.416392 0.070750 0.290928
1 0.725932 0.194959 0.038042 0.133097
1 0.529036 0.227937 0.027365 0.114256
