1 0.089284 0.327698 0.057182 0.284531
1 0.057055 0.339067 0.073755 0.177289
1 0.034497 0.436563 0.061786 0.258529
1 0.505076 0.201838 0.050641 0.159246
1 0.552958 0.228653 0.067219 0.115377
1 0.605904 0.304210 0.068141 0.207996
1 0.622938 0.504085 0.067219 0.201498
1 0.575977 0.587767 0.063536 0.219375
5 0.253695 0.742142 0.072745 0.069871
1 0.497708 0.670639 0.078271 0.206369
1 0.432331 0.760827 0.089318 0.217739
1 0.364654 0.864012 0.084714 0.206369
1 0.679109 0.450460 0.080115 0.237243
1 0.718706 0.428520 0.037755 0.115368
1 0.742188 0.397647 0.035000 0.170625
0 0.657469 0.820138 0.099448 0.287610
0 0.733438 0.677955 0.065375 0.201498
0 0.778096 0.392776 0.049724 0.180368
0 0.822755 0.274963 0.030385 0.052004
0 0.844854 0.231089 0.021177 0.026002
3 0.906503 0.129449 0.122557 0.255276
5 0.122018 0.601498 0.070901 0.110662
5 0.075979 0.625956 0.050646 0.074743
5 0.172664 0.561769 0.080109 0.073116
5 0.232977 0.521958 0.062620 0.042243
5 0.284542 0.474021 0.036833 0.053631
5 0.319531 0.437459 0.055250 0.051994
5 0.366034 0.420395 0.035911 0.037371
5 0.411615 0.396025 0.036833 0.034127
5 0.389513 0.405772 0.038672 0.037371
5 0.157932 0.824200 0.157458 0.097500
5 0.211797 0.677137 0.079188 0.047123
5 0.150102 0.720202 0.077349 0.065000
5 0.083807 0.782762 0.081031 0.060119
5 0.025747 0.811121 0.049818 0.074908
5 0.030398 0.667312 0.058932 0.089531
5 0.450289 0.360271 0.049724 0.063373
5 0.485279 0.335087 0.034995 0.032491
5 0.459034 0.465083 0.034068 0.035754
5 0.491724 0.437459 0.036833 0.029256
5 0.250932 0.651958 0.059854 0.048750
5 0.282240 0.621080 0.052490 0.055248
5 0.326898 0.571521 0.068141 0.076369
5 0.285003 0.539830 0.054328 0.074752
5 0.407932 0.491085 0.062615 0.074743
5 0.365573 0.466710 0.053406 0.048750
5 0.568612 0.448024 0.034068 0.037371
5 0.535924 0.484586 0.038672 0.048750
5 0.490805 0.520335 0.060776 0.055248
5 0.453510 0.549582 0.034073 0.029256
5 0.417599 0.576397 0.046958 0.040625
5 0.375703 0.612955 0.062615 0.058502
5 0.340250 0.649517 0.056167 0.034127
5 0.301117 0.692578 0.066297 0.061756
5 0.523953 0.409835 0.027625 0.019504
5 0.554341 0.385460 0.040516 0.032500
1 0.269763 0.334191 0.064547 0.200037
1 0.228328 0.330129 0.053500 0.250404
1 0.186891 0.371567 0.077438 0.313778
1 0.140388 0.293566 0.080203 0.339779
1 0.162951 0.217197 0.064547 0.174026
