1 0.528701 0.759150 0.073422 0.415781
3 0.475305 0.256204 0.065411 0.217904
1 0.679547 0.543603 0.053396 0.196710
1 0.738281 0.430528 0.060073 0.203778
1 0.588107 0.382826 0.074755 0.459366
1 0.303771 0.414035 0.025365 0.111893
1 0.336141 0.428171 0.018021 0.090699
3 0.586768 0.287417 0.184214 0.204945
1 0.472969 0.727348 0.059406 0.406369
1 0.400883 0.666098 0.082099 0.385156
1 0.285414 0.583061 0.103453 0.336875
1 0.194974 0.456443 0.053396 0.170790
1 0.811698 0.719692 0.070750 0.360432
1 0.180958 0.640772 0.068083 0.252059
1 0.160935 0.491774 0.033370 0.283860
1 0.108872 0.445253 0.074755 0.294458
1 0.471299 0.112495 0.046724 0.224991
1 0.417570 0.136654 0.050057 0.247353
1 0.367513 0.124274 0.056734 0.248548
1 0.324458 0.175524 0.061406 0.285037
1 0.280076 0.193189 0.058068 0.247353
1 0.249372 0.252082 0.048724 0.197877
1 0.127562 0.241480 0.040052 0.155478
1 0.084180 0.253851 0.048057 0.151949
1 0.178622 0.276227 0.060734 0.168428
1 0.512349 0.110152 0.040719 0.182564
1 0.366177 0.437597 0.035375 0.081278
1 0.711917 0.209090 0.036708 0.161360
1 0.783669 0.919329 0.065411 0.161342
1 0.694562 0.816264 0.106125 0.367472
1 0.601786 0.805074 0.072750 0.389853
