2 0.354271 0.502574 0.024562 0.037629
2 0.590893 0.505437 0.026880 0.028631
2 0.618935 0.491530 0.039401 0.033539
2 0.674555 0.472307 0.031057 0.034357
2 0.179529 0.672711 0.031984 0.032721
2 0.316727 0.621994 0.025495 0.026176
2 0.425190 0.582734 0.027349 0.024531
2 0.918362 0.702973 0.031984 0.053980
2 0.910018 0.621994 0.031984 0.035993
2 0.898893 0.601544 0.045891 0.029449
2 0.884758 0.574145 0.043568 0.041710
2 0.940609 0.963902 0.070917 0.057252
2 0.920445 0.913185 0.060255 0.063796
2 0.898201 0.875152 0.059328 0.048263
2 0.891943 0.851838 0.054229 0.052353
2 0.889393 0.823212 0.054693 0.049072
2 0.869693 0.785997 0.055156 0.048263
2 0.857641 0.754095 0.050521 0.048263
2 0.775755 0.429504 0.023844 0.025643
2 0.801646 0.421121 0.023469 0.029908
2 0.841323 0.401066 0.023844 0.027941
2 0.877740 0.378718 0.016208 0.026627
1 0.709609 0.475175 0.094531 0.481967
1 0.796122 0.696369 0.091307 0.545588
1 0.189409 0.843943 0.119339 0.312114
1 0.110516 0.554320 0.129750 0.479154
1 0.829760 0.304145 0.049656 0.258658
1 0.776497 0.244076 0.039245 0.240285
2 0.336326 0.810988 0.027495 0.055616
2 0.359352 0.803686 0.021682 0.048125
2 0.382599 0.792642 0.025708 0.053649
2 0.402492 0.769959 0.034651 0.046149
2 0.430992 0.754775 0.035766 0.055230
2 0.457367 0.742744 0.027714 0.050101
2 0.479721 0.735450 0.028609 0.047335
1 0.200221 0.280823 0.076891 0.327914
4 0.389643 0.430643 0.165797 0.166783
2 0.256302 0.734462 0.029729 0.055616
2 0.294417 0.836820 0.028615 0.047335
2 0.305703 0.713162 0.030177 0.053254
2 0.327497 0.701131 0.021016 0.048125
2 0.350521 0.687914 0.025927 0.048511
2 0.346276 0.647872 0.038000 0.033134
4 0.244234 0.522518 0.123427 0.231801
2 0.298216 0.669173 0.030401 0.029191
