2 0.058021 0.743764 0.062615 0.053631
2 0.080583 0.788447 0.039594 0.048750
3 0.808943 0.147403 0.122469 0.219366
1 0.625242 0.513833 0.097609 0.526489
1 0.721927 0.464269 0.092083 0.472858
1 0.804799 0.493520 0.084714 0.375368
1 0.083344 0.553644 0.083792 0.170616
1 0.026716 0.590202 0.038672 0.175496
1 0.188318 0.417960 0.069063 0.282739
1 0.206734 0.182339 0.159302 0.246994
1 0.389052 0.193713 0.120625 0.188493
1 0.519349 0.118971 0.051563 0.142996
1 0.974690 0.150653 0.035911 0.170625
1 0.712719 0.101094 0.033146 0.152739
1 0.433714 0.729141 0.055250 0.235616
1 0.094393 0.365960 0.081953 0.207987
1 0.481596 0.384646 0.104974 0.414366
0 0.141818 0.668125 0.162063 0.078162
1 0.285464 0.563396 0.119708 0.528116
1 0.371557 0.457771 0.093000 0.443612
1 0.428648 0.644642 0.078266 0.394871
