4 0.338305 0.600257 0.038443 0.052298
4 0.375146 0.585414 0.035240 0.053713
4 0.399576 0.572693 0.034443 0.053713
4 0.420401 0.562096 0.029635 0.063603
0 0.031781 0.659030 0.063406 0.085983
0 0.128898 0.593603 0.128151 0.103768
0 0.267729 0.538833 0.142833 0.121434
0 0.391206 0.481117 0.110797 0.102583
0 0.494328 0.438125 0.086104 0.087279
0 0.585099 0.396903 0.099448 0.103768
4 0.458443 0.538773 0.028833 0.059366
4 0.276630 0.634177 0.038448 0.057950
3 0.416570 0.070689 0.109464 0.141342
3 0.204651 0.299196 0.256969 0.306241
4 0.476867 0.533828 0.030432 0.046645
4 0.304664 0.621461 0.035245 0.040993
3 0.833727 0.149021 0.082766 0.151939
3 0.795349 0.374582 0.311698 0.395763
3 0.655518 0.175519 0.156182 0.193171
3 0.762977 0.170225 0.073422 0.133097
