2 0.147977 0.450115 0.023099 0.024329
2 0.969555 0.831590 0.056734 0.063603
2 0.819711 0.639012 0.040047 0.038869
2 0.339760 0.286199 0.014104 0.016645
2 0.479786 0.327367 0.020406 0.027803
3 0.624404 0.241484 0.348557 0.431884
2 0.322151 0.297224 0.014823 0.021875
2 0.288781 0.320602 0.020844 0.015064
2 0.272656 0.331622 0.016979 0.018392
2 0.166044 0.396696 0.020859 0.020046
2 0.170516 0.493994 0.023844 0.025965
2 0.180664 0.484628 0.018068 0.019715
2 0.193427 0.473617 0.017510 0.020708
2 0.204229 0.463097 0.020115 0.020717
2 0.220435 0.451921 0.024214 0.022684
2 0.232359 0.439099 0.019000 0.022022
2 0.243628 0.435156 0.018068 0.020717
2 0.676208 0.467633 0.026698 0.040046
2 0.625815 0.432293 0.020693 0.035340
2 0.677208 0.421691 0.035375 0.047114
2 0.728935 0.445841 0.040047 0.050653
1 0.439930 0.684945 0.042714 0.199063
1 0.125560 0.454085 0.089443 0.236756
2 0.928505 0.756792 0.044052 0.060074
2 0.897469 0.692601 0.042052 0.056544
5 0.466964 0.718511 0.043385 0.122500
5 0.494333 0.888704 0.078104 0.222592
5 0.587104 0.739072 0.059406 0.352298
5 0.305773 0.793883 0.280328 0.073061
5 0.168911 0.646604 0.076156 0.233336
6 0.082135 0.792119 0.164271 0.415763
1 0.372185 0.231471 0.074089 0.307426
1 0.546719 0.439361 0.056042 0.336866
1 0.587438 0.411094 0.046719 0.230864
1 0.853417 0.476466 0.080760 0.274439
1 0.439596 0.314508 0.046057 0.209660
1 0.236023 0.627233 0.078089 0.281507
1 0.341815 0.670221 0.038714 0.094228
1 0.297760 0.655501 0.034708 0.088336
1 0.422909 0.543603 0.030036 0.173143
