1 0.032451 0.382233 0.054068 0.184926
3 0.148586 0.196135 0.127484 0.227325
1 0.685885 0.404026 0.054062 0.287390
1 0.630823 0.456438 0.034708 0.210836
1 0.584432 0.375758 0.054062 0.263833
1 0.069120 0.709678 0.138240 0.561838
1 0.209292 0.714389 0.083500 0.380450
1 0.319453 0.126052 0.043385 0.188465
1 0.503672 0.262684 0.052729 0.181397
1 0.442599 0.276227 0.062740 0.224972
1 0.238359 0.479407 0.076094 0.240285
1 0.365841 0.418732 0.068078 0.316875
1 0.316451 0.454085 0.049391 0.255597
1 0.980599 0.228525 0.038802 0.223796
1 0.936182 0.178465 0.048719 0.262665
1 0.787672 0.315689 0.046719 0.188456
1 0.747625 0.439361 0.068083 0.273263
1 0.672203 0.166098 0.036042 0.162546
1 0.078169 0.376347 0.040047 0.137803
5 0.405555 0.614862 0.074089 0.124853
5 0.975599 0.538833 0.048802 0.135570
5 0.956203 0.673107 0.063406 0.123787
5 0.934846 0.803263 0.084766 0.122610
5 0.908781 0.932812 0.070146 0.134375
5 0.942521 0.337417 0.058740 0.213309
5 0.926503 0.473460 0.050724 0.061369
5 0.907813 0.542950 0.062740 0.073143
5 0.868432 0.634237 0.097448 0.104945
5 0.842740 0.729646 0.096781 0.081388
5 0.809365 0.823286 0.108792 0.099053
5 0.653516 0.803847 0.037375 0.109660
5 0.615135 0.865097 0.038042 0.128502
5 0.549727 0.951071 0.091443 0.097858
5 0.436260 0.977040 0.060740 0.045919
5 0.378523 0.938171 0.058734 0.123658
5 0.235992 0.951131 0.071484 0.097739
5 0.270729 0.887537 0.000667 0.020018
5 0.310109 0.880469 0.079427 0.137813
1 0.601786 0.140777 0.043385 0.213189
1 0.545719 0.104260 0.052729 0.206131
1 0.629487 0.227348 0.045391 0.153116
5 0.762977 0.934003 0.129484 0.129678
5 0.568414 0.541838 0.032703 0.032978
5 0.534708 0.524756 0.029365 0.043575
5 0.506674 0.502969 0.028036 0.063603
5 0.468964 0.481765 0.040719 0.056544
5 0.596448 0.581236 0.035375 0.079035
5 0.564411 0.619513 0.027365 0.075496
5 0.529370 0.658971 0.036042 0.088456
5 0.492326 0.699609 0.039380 0.080211
5 0.457620 0.729642 0.026031 0.086103
5 0.423578 0.772045 0.038042 0.083741
5 0.376188 0.820340 0.054062 0.112022
5 0.733276 0.680175 0.043385 0.137923
5 0.692896 0.744954 0.034708 0.114375
