1 0.257065 0.325639 0.028839 0.174752
1 0.184784 0.579917 0.069526 0.294467
1 0.458997 0.443975 0.052839 0.297417
1 0.334961 0.625069 0.047276 0.204164
6 0.572742 0.477348 0.180214 0.289550
1 0.618628 0.534770 0.053953 0.265018
1 0.704172 0.470184 0.129042 0.532004
4 0.957714 0.268244 0.030396 0.027224
1 0.893562 0.218148 0.032635 0.238649
3 0.456427 0.050055 0.215917 0.100110
4 0.128888 0.307734 0.257776 0.207895
2 0.163083 0.347946 0.034646 0.033208
2 0.231445 0.326912 0.021609 0.019393
2 0.200057 0.335129 0.021792 0.014136
2 0.212073 0.356328 0.017135 0.021700
2 0.193815 0.359122 0.015276 0.027289
2 0.048255 0.771342 0.041375 0.049706
2 0.021544 0.754187 0.039807 0.047730
3 0.774859 0.135970 0.091313 0.147233
4 0.825385 0.269430 0.021458 0.034320
4 0.855674 0.264890 0.022578 0.037868
3 0.686635 0.108745 0.082531 0.169384
3 0.049320 0.224237 0.098641 0.385809
3 0.354148 0.119949 0.079182 0.140414
2 0.436904 0.281347 0.021422 0.017748
2 0.471469 0.271654 0.012688 0.022022
2 0.497443 0.269352 0.013229 0.020708
4 0.903206 0.927109 0.057401 0.085983
4 0.874174 0.849963 0.039380 0.077739
5 0.844141 0.745722 0.079427 0.142528
5 0.789406 0.617927 0.054062 0.101296
5 0.890526 0.571402 0.214917 0.053006
1 0.404703 0.212826 0.038000 0.132932
1 0.282768 0.305717 0.032411 0.227206
1 0.309818 0.302564 0.027937 0.206691
1 0.337198 0.309076 0.027271 0.201572
