4 0.276255 0.783575 0.263354 0.308750
1 0.528096 0.512210 0.100370 0.276241
1 0.592091 0.397647 0.084714 0.268125
1 0.644117 0.361903 0.061693 0.245368
0 0.833297 0.195340 0.060865 0.159246
0 0.298354 0.588580 0.064458 0.051994
0 0.345776 0.545519 0.037750 0.050377
0 0.377544 0.504085 0.033151 0.038998
0 0.401484 0.464274 0.038677 0.053621
0 0.433714 0.426080 0.060771 0.055248
0 0.474688 0.383837 0.032229 0.045506
0 0.508760 0.351337 0.030385 0.038998
0 0.545130 0.308277 0.025781 0.030873
0 0.590250 0.666576 0.038677 0.116994
0 0.556180 0.729954 0.057089 0.142996
0 0.510602 0.787638 0.059849 0.121875
0 0.475609 0.863199 0.058010 0.113750
0 0.442922 0.938759 0.069979 0.115368
1 0.675888 0.292835 0.068141 0.246994
1 0.950289 0.554458 0.086557 0.519982
1 0.082883 0.257091 0.084714 0.217748
1 0.142276 0.172592 0.113260 0.159246
1 0.226529 0.192900 0.130755 0.173869
2 0.320914 0.507330 0.023016 0.038998
2 0.337029 0.505708 0.031307 0.048750
2 0.267047 0.464274 0.027625 0.037371
2 0.293292 0.447206 0.023021 0.048750
2 0.313086 0.426893 0.022099 0.024375
2 0.324135 0.411457 0.018417 0.026002
2 0.350380 0.472394 0.015656 0.017877
2 0.364190 0.473208 0.017495 0.029246
2 0.372937 0.463456 0.018417 0.032500
2 0.381227 0.452895 0.016578 0.027629
2 0.446143 0.374899 0.019339 0.034118
2 0.464099 0.346461 0.020260 0.035754
2 0.508758 0.309085 0.026703 0.035744
2 0.523034 0.291213 0.022099 0.029246
3 0.692414 0.053796 0.066391 0.107592
4 0.777589 0.657560 0.220167 0.489274
4 0.140435 0.063718 0.093005 0.074752
4 0.837026 0.051530 0.071823 0.066627
1 0.493104 0.540643 0.083792 0.307114
6 0.131180 0.523493 0.258839 0.399890
