4 0.322365 0.052730 0.034531 0.029338
4 0.110039 0.424554 0.032036 0.095910
4 0.149076 0.381673 0.049880 0.037243
3 0.116753 0.166650 0.033953 0.085873
3 0.161193 0.129407 0.080635 0.085873
3 0.207234 0.118125 0.051219 0.058787
4 0.232172 0.110230 0.038427 0.052022
1 0.533385 0.356287 0.063948 0.270827
1 0.621630 0.443736 0.113823 0.350947
1 0.672466 0.429632 0.073536 0.318217
1 0.714031 0.420041 0.039010 0.271958
1 0.744406 0.430758 0.039646 0.264053
1 0.753997 0.230464 0.053714 0.217785
1 0.645612 0.242872 0.056911 0.240358
1 0.696128 0.244003 0.068422 0.233594
1 0.595732 0.272215 0.073536 0.217794
1 0.553529 0.247390 0.062026 0.197482
1 0.297107 0.821765 0.108068 0.163621
4 0.267375 0.116489 0.033250 0.041746
4 0.439065 0.135671 0.055630 0.055294
4 0.390789 0.110850 0.031974 0.048520
4 0.365208 0.190404 0.046042 0.047390
3 0.537221 0.163883 0.131724 0.113980
5 0.355937 0.391264 0.035167 0.146700
5 0.774141 0.594949 0.021104 0.048520
5 0.754956 0.567302 0.026214 0.045138
5 0.738969 0.536273 0.027500 0.041756
5 0.730977 0.882137 0.093359 0.051903
5 0.635698 0.866337 0.108708 0.033851
5 0.722984 0.830795 0.081208 0.041756
5 0.662872 0.638961 0.227005 0.037243
5 0.553849 0.830795 0.057552 0.147822
5 0.532427 0.663782 0.041563 0.240358
5 0.511964 0.430193 0.035167 0.186195
5 0.440664 0.642344 0.150911 0.044007
5 0.353701 0.690303 0.024297 0.151213
5 0.381195 0.570689 0.017901 0.133162
5 0.398461 0.468562 0.017901 0.102693
5 0.409331 0.389007 0.020464 0.130901
5 0.147477 0.882707 0.027495 0.039494
5 0.159305 0.838690 0.025578 0.048520
5 0.177852 0.784527 0.025578 0.059807
5 0.193836 0.726976 0.021745 0.057555
5 0.213341 0.663787 0.022380 0.075607
5 0.230604 0.587050 0.026219 0.091397
5 0.250932 0.531710 0.023021 0.056875
5 0.270729 0.461020 0.025781 0.074743
5 0.293292 0.398460 0.023021 0.073116
0 0.030398 0.913571 0.031307 0.063373
0 0.055719 0.850202 0.039594 0.073125
0 0.072297 0.794949 0.039594 0.076369
0 0.099919 0.722638 0.043276 0.081250
0 0.125701 0.658456 0.034068 0.069871
0 0.147341 0.600767 0.033151 0.084494
0 0.186935 0.491080 0.038672 0.095873
0 0.175885 0.559334 0.023937 0.082877
0 0.209497 0.478084 0.028547 0.082877
0 0.238039 0.401710 0.035911 0.076379
0 0.183253 0.307463 0.075505 0.066618
0 0.428187 0.227027 0.036833 0.068244
0 0.452591 0.253024 0.037755 0.065000
0 0.487120 0.283088 0.053406 0.073125
0 0.326440 0.131972 0.035911 0.079623
4 0.290076 0.126645 0.021099 0.034982
