0 0.845893 0.863309 0.166276 0.273382
5 0.094771 0.861613 0.078812 0.276774
5 0.465286 0.690303 0.087448 0.619393
1 0.434529 0.834320 0.052859 0.245937
2 0.874727 0.662169 0.047099 0.081415
2 0.800240 0.621457 0.034604 0.078024
0 0.746896 0.704568 0.085542 0.122114
2 0.337378 0.364899 0.020922 0.035496
2 0.296607 0.393061 0.025214 0.028401
2 0.088323 0.560625 0.029240 0.032187
2 0.139823 0.495781 0.026552 0.028401
2 0.105221 0.580744 0.027630 0.029816
3 0.719924 0.344545 0.481234 0.613667
2 0.088859 0.680878 0.033531 0.036958
2 0.120510 0.654591 0.031385 0.036443
2 0.138081 0.642757 0.026286 0.038346
2 0.154979 0.627146 0.026823 0.037381
2 0.168792 0.609150 0.027094 0.035506
2 0.191190 0.591870 0.027359 0.040708
2 0.208760 0.577197 0.019042 0.030294
2 0.086581 0.594949 0.025214 0.031719
2 0.067937 0.607256 0.015292 0.027932
2 0.222440 0.564412 0.024411 0.035974
1 0.564284 0.630786 0.066318 0.242546
2 0.276086 0.410813 0.022266 0.026039
1 0.681971 0.616369 0.075068 0.315478
1 0.620508 0.673189 0.094193 0.452868
1 0.463362 0.447606 0.058630 0.239145
1 0.446542 0.225414 0.040365 0.195055
1 0.398487 0.176232 0.032682 0.157739
1 0.388396 0.317858 0.064396 0.366360
2 0.522594 0.233304 0.009927 0.018465
2 0.516156 0.239931 0.005094 0.012785
2 0.508914 0.243718 0.010995 0.013722
2 0.502477 0.258157 0.014755 0.017987
2 0.490406 0.268093 0.011000 0.017987
2 0.481419 0.276379 0.011266 0.019412
2 0.444268 0.302652 0.012609 0.027454
2 0.429516 0.315427 0.015292 0.012307
2 0.414495 0.323479 0.014219 0.017987
2 0.527555 0.436140 0.019849 0.028401
2 0.360984 0.351172 0.018240 0.026039
