3 0.339331 0.702330 0.286370 0.545983
0 0.244948 0.361089 0.099448 0.055248
0 0.587029 0.156342 0.070901 0.025993
0 0.510141 0.162031 0.071823 0.027629
0 0.459958 0.187215 0.032229 0.061746
0 0.792828 0.903010 0.101292 0.193373
0 0.736659 0.759200 0.066297 0.155993
0 0.697987 0.595083 0.060776 0.191746
0 0.611891 0.427711 0.085635 0.097500
0 0.662534 0.442335 0.061693 0.130000
0 0.419901 0.386273 0.303865 0.079623
4 0.633070 0.829076 0.199818 0.308741
4 0.943844 0.360276 0.106812 0.196618
4 0.498169 0.278212 0.116026 0.181994
3 0.273492 0.230280 0.298339 0.284366
