1 0.545065 0.416981 0.043359 0.386333
3 0.717557 0.041824 0.193625 0.083649
3 0.919495 0.103672 0.095448 0.162546
2 0.037789 0.550671 0.020693 0.043585
6 0.699234 0.432881 0.136823 0.224972
0 0.032078 0.454085 0.064156 0.248520
0 0.102534 0.618396 0.075422 0.341572
0 0.187299 0.780942 0.094109 0.339219
0 0.277404 0.865735 0.083432 0.268529
0 0.398880 0.919329 0.159521 0.161342
3 0.293424 0.166098 0.151516 0.301535
3 0.393875 0.227937 0.185552 0.133097
3 0.134234 0.185538 0.141500 0.149586
3 0.592443 0.098373 0.067417 0.130735
2 0.062151 0.614867 0.025365 0.037693
2 0.129232 0.600726 0.024693 0.049467
2 0.349156 0.906972 0.036042 0.051829
2 0.315451 0.873989 0.024693 0.047114
2 0.272401 0.830409 0.036042 0.065965
1 0.391872 0.437008 0.064078 0.223796
1 0.929839 0.810974 0.132156 0.361599
1 0.646839 0.849848 0.125479 0.290928
1 0.531005 0.808617 0.102188 0.366314
1 0.456281 0.772698 0.060740 0.395763
1 0.391539 0.728525 0.067411 0.444053
1 0.253711 0.615455 0.077422 0.335689
1 0.323125 0.669044 0.060073 0.447592
1 0.190302 0.524168 0.060073 0.440524
1 0.131234 0.428764 0.046052 0.287399
1 0.827721 0.437004 0.156182 0.376912
1 0.624482 0.339242 0.032703 0.181388
1 0.588065 0.465271 0.038766 0.195524
1 0.501000 0.451728 0.052729 0.267371
