1 0.437857 0.152279 0.043276 0.217739
1 0.354523 0.773828 0.027620 0.047123
4 0.945221 0.215653 0.091161 0.191746
3 0.531779 0.412275 0.223755 0.328244
3 0.707193 0.726705 0.145490 0.427362
3 0.908854 0.783575 0.178646 0.417610
3 0.705813 0.165276 0.192448 0.220993
1 0.097156 0.449651 0.087479 0.269743
1 0.118336 0.429334 0.059849 0.251866
1 0.176346 0.432583 0.072745 0.297371
1 0.227453 0.441521 0.062615 0.321737
1 0.272112 0.470767 0.052484 0.308741
1 0.391357 0.491893 0.079193 0.383493
1 0.438318 0.526020 0.055250 0.298989
1 0.492646 0.534145 0.062615 0.292500
1 0.604062 0.186402 0.044198 0.233998
1 0.664375 0.271714 0.030385 0.372123
1 0.024367 0.101824 0.043370 0.191903
