3 0.126570 0.054779 0.099464 0.109559
3 0.038753 0.117206 0.077505 0.234412
3 0.192638 0.236181 0.171536 0.246167
3 0.768984 0.103024 0.196229 0.163842
3 0.553729 0.202027 0.187552 0.213189
3 0.369513 0.225584 0.139495 0.208483
0 0.073458 0.575404 0.146917 0.045938
0 0.232685 0.509972 0.166193 0.117904
0 0.371516 0.446958 0.111469 0.090809
0 0.595781 0.388653 0.116802 0.047233
0 0.720927 0.365685 0.136156 0.060193
5 0.929805 0.742661 0.136224 0.100119
5 0.811701 0.780354 0.101453 0.071847
5 0.679510 0.822165 0.101521 0.058888
5 0.599117 0.853378 0.064745 0.097767
5 0.487286 0.896374 0.149573 0.087160
5 0.348122 0.947017 0.126214 0.087160
5 0.221638 0.974099 0.122880 0.051801
5 0.647508 0.952895 0.094776 0.094210
5 0.081841 0.886935 0.022026 0.226131
5 0.127229 0.832762 0.080760 0.040046
5 0.222005 0.804439 0.114135 0.101415
5 0.343148 0.751434 0.120141 0.082574
5 0.459620 0.702555 0.116802 0.086103
5 0.571083 0.729701 0.104792 0.166075
3 0.244034 0.050657 0.103453 0.101314
