5 0.766982 0.767394 0.029370 0.048300
1 0.527031 0.561268 0.068750 0.500588
1 0.634492 0.598961 0.146172 0.568897
1 0.360505 0.437574 0.221594 0.408676
1 0.796318 0.501788 0.164260 0.471149
3 0.111839 0.260919 0.223677 0.281507
5 0.122555 0.681411 0.039380 0.137803
5 0.150589 0.746783 0.015354 0.065956
5 0.165607 0.778585 0.020026 0.068309
5 0.188969 0.822165 0.018687 0.065965
5 0.211328 0.874577 0.016687 0.076563
5 0.230016 0.913451 0.024698 0.069494
5 0.251372 0.969986 0.012682 0.057711
5 0.272401 0.949963 0.025365 0.031801
5 0.324128 0.917574 0.022026 0.018842
5 0.343148 0.899903 0.021359 0.021204
5 0.361839 0.880469 0.034708 0.029449
5 0.390539 0.863975 0.029370 0.024733
5 0.408893 0.843957 0.020693 0.022381
5 0.184964 0.495901 0.041385 0.068309
5 0.217669 0.544191 0.024026 0.058897
5 0.244034 0.566572 0.023359 0.065956
5 0.268060 0.607794 0.023359 0.073033
5 0.292758 0.630763 0.022026 0.071857
5 0.316786 0.661388 0.024698 0.074210
5 0.342815 0.695542 0.024693 0.076562
5 0.364844 0.725579 0.018021 0.058897
5 0.389203 0.750317 0.022698 0.073024
5 0.416570 0.779766 0.024026 0.068318
5 0.443602 0.810974 0.023359 0.064779
5 0.469966 0.841011 0.024026 0.068309
5 0.495328 0.872224 0.022698 0.062426
5 0.520023 0.898139 0.024026 0.069494
5 0.569081 0.950542 0.072755 0.098915
5 0.616138 0.904614 0.030703 0.056544
5 0.640500 0.889301 0.034042 0.047114
5 0.664862 0.861622 0.025359 0.022381
5 0.687555 0.830997 0.037380 0.024733
5 0.715589 0.808033 0.026698 0.030625
5 0.741617 0.789775 0.029370 0.048300
5 0.788674 0.731471 0.046057 0.063603
5 0.076169 0.584830 0.049391 0.118961
