1 0.076169 0.862201 0.137495 0.275597
2 0.100646 0.452895 0.037083 0.036434
2 0.146281 0.434269 0.032115 0.024384
2 0.188349 0.421939 0.028698 0.030956
2 0.134951 0.474260 0.024078 0.040267
1 0.322706 0.415460 0.040786 0.240478
2 0.050508 0.508364 0.020661 0.033419
2 0.071151 0.501245 0.021594 0.037252
2 0.158932 0.472486 0.025469 0.046020
1 0.287943 0.386420 0.035229 0.259292
1 0.224906 0.435092 0.061188 0.212665
2 0.443469 0.359701 0.023500 0.021590
2 0.485477 0.345216 0.017380 0.026700
2 0.516698 0.341811 0.015448 0.023290
3 0.838010 0.169444 0.095312 0.163961
3 0.734289 0.145418 0.097714 0.214844
3 0.459182 0.070561 0.265365 0.141121
5 0.953557 0.617725 0.092885 0.040708
5 0.096018 0.629600 0.192036 0.033925
5 0.328997 0.591438 0.273922 0.089899
0 0.511130 0.386167 0.328708 0.055974
0 0.850844 0.314968 0.060646 0.072932
0 0.731664 0.353134 0.098901 0.064449
5 0.947792 0.880947 0.104417 0.238107
5 0.209242 0.934049 0.126870 0.103465
3 0.113505 0.364568 0.227010 0.246176
1 0.790630 0.520032 0.064396 0.420634
1 0.834359 0.760014 0.176844 0.479972
3 0.345151 0.166691 0.106792 0.173143
6 0.623781 0.699081 0.243687 0.401654
1 0.479310 0.613097 0.081432 0.363952
