4 0.823383 0.692013 0.216922 0.354540
1 0.441932 0.757969 0.058740 0.297996
1 0.608128 0.722633 0.046724 0.491167
1 0.558070 0.713212 0.058734 0.472325
1 0.499333 0.723814 0.064073 0.406360
1 0.789339 0.787408 0.052729 0.425184
1 0.373518 0.683764 0.055401 0.349825
1 0.305104 0.673759 0.064073 0.374559
1 0.256380 0.684357 0.061406 0.419320
1 0.099195 0.683180 0.066078 0.358070
1 0.174620 0.694366 0.088771 0.361599
1 0.580096 0.394012 0.046724 0.196700
1 0.832057 0.392247 0.051396 0.209660
1 0.516685 0.203778 0.048057 0.204982
1 0.376523 0.115450 0.041380 0.183750
1 0.570417 0.109559 0.047385 0.219081
1 0.612133 0.114265 0.038714 0.228529
1 0.690224 0.141944 0.054729 0.283888
1 0.826719 0.199665 0.055396 0.163722
1 0.208323 0.372812 0.042719 0.187279
1 0.046102 0.321576 0.089505 0.358061
1 0.703573 0.813332 0.041385 0.368667
2 0.655852 0.834531 0.042047 0.064779
2 0.390539 0.832767 0.042714 0.047114
2 0.341815 0.819807 0.032036 0.047114
2 0.333471 0.741480 0.034036 0.048290
2 0.025854 0.736760 0.032792 0.028851
2 0.046703 0.806765 0.024365 0.054044
2 0.008766 0.810887 0.017531 0.046590
2 0.957206 0.753851 0.041380 0.077739
2 0.859424 0.974099 0.060734 0.051801
2 0.792344 0.966452 0.060073 0.062426
2 0.842732 0.896369 0.042036 0.054173
