4 0.253234 0.120593 0.018417 0.019494
0 0.276716 0.626765 0.063536 0.105625
0 0.329661 0.725892 0.090240 0.154375
0 0.385831 0.861576 0.101286 0.168998
0 0.468242 0.935510 0.118786 0.121866
0 0.556182 0.895699 0.044198 0.100754
0 0.403786 0.389522 0.032229 0.027629
0 0.442922 0.429334 0.034990 0.045506
0 0.480674 0.466710 0.038672 0.045496
0 0.521190 0.499210 0.034995 0.048750
0 0.561706 0.533332 0.040516 0.055248
0 0.604523 0.570703 0.032224 0.042252
0 0.641354 0.606457 0.041438 0.051994
0 0.682333 0.659265 0.044198 0.099118
0 0.650562 0.746204 0.050646 0.077996
0 0.730214 0.622702 0.053406 0.061746
0 0.783161 0.578019 0.048802 0.060119
3 0.343935 0.449646 0.159297 0.313612
3 0.604984 0.370836 0.254146 0.376985
2 0.383990 0.309090 0.014729 0.019504
2 0.292370 0.680391 0.024865 0.034127
2 0.415758 0.975322 0.026703 0.045496
2 0.362810 0.861572 0.033151 0.052004
2 0.392276 0.923341 0.027625 0.048704
1 0.596695 0.868074 0.038672 0.181994
1 0.632607 0.858327 0.051568 0.204743
1 0.667138 0.825823 0.037755 0.107252
1 0.695224 0.773015 0.044198 0.134871
1 0.773492 0.714517 0.046036 0.160873
1 0.965482 0.348902 0.063536 0.430616
1 0.360969 0.128718 0.047885 0.198244
4 0.303419 0.237587 0.072745 0.087748
4 0.194763 0.348084 0.083797 0.087748
4 0.103141 0.537394 0.088396 0.118631
4 0.166635 0.214017 0.099542 0.154320
0 0.152865 0.426898 0.046042 0.099127
0 0.225151 0.516273 0.093000 0.128373
