4 0.218706 0.149030 0.035911 0.055248
4 0.244487 0.146595 0.028547 0.047123
4 0.691070 0.237601 0.072766 0.089357
4 0.124320 0.174214 0.046036 0.066627
4 0.303417 0.073470 0.039594 0.050377
0 0.288224 0.164467 0.027625 0.102371
0 0.312625 0.227840 0.050646 0.060129
0 0.349919 0.263589 0.042359 0.076369
0 0.381687 0.304210 0.041438 0.089375
0 0.412534 0.357835 0.040516 0.099127
0 0.443841 0.391144 0.038672 0.103998
0 0.475609 0.428520 0.046958 0.107243
5 0.348536 0.559329 0.023021 0.086121
5 0.333805 0.623516 0.017495 0.071498
5 0.312628 0.706392 0.019339 0.071498
5 0.301578 0.780326 0.021177 0.069881
5 0.285461 0.852638 0.022099 0.077996
5 0.264745 0.930634 0.024865 0.097500
5 0.475609 0.548768 0.024865 0.133254
5 0.482057 0.862385 0.032229 0.227491
5 0.393198 0.726700 0.128917 0.037371
5 0.110003 0.713699 0.023109 0.112123
5 0.090711 0.768139 0.024859 0.058502
5 0.070914 0.811204 0.025786 0.040625
5 0.047893 0.872137 0.029464 0.058502
5 0.030398 0.933074 0.027620 0.063373
1 0.551117 0.478897 0.074589 0.409485
1 0.504156 0.621080 0.094844 0.320119
1 0.611427 0.474830 0.090240 0.492362
1 0.704893 0.506521 0.107734 0.386737
1 0.655167 0.850202 0.069063 0.261618
1 0.728833 0.840450 0.087479 0.281121
1 0.846698 0.635703 0.139042 0.697105
1 0.951669 0.690951 0.093005 0.352619
1 0.969164 0.301774 0.043276 0.432243
1 0.901484 0.294462 0.095760 0.303869
3 0.526255 0.243277 0.164823 0.227491
3 0.021143 0.227757 0.040609 0.144779
6 0.144992 0.408925 0.240422 0.383621
4 0.177268 0.149030 0.070901 0.084494
