0 0.055583 0.621893 0.038281 0.046140
0 0.086859 0.586471 0.048552 0.054375
0 0.027104 0.555988 0.024281 0.046131
0 0.048112 0.514793 0.034547 0.072491
0 0.026172 0.471953 0.048552 0.042840
0 0.123742 0.495023 0.038286 0.128520
0 0.515901 0.242918 0.038281 0.079090
0 0.570052 0.169596 0.030812 0.080735
0 0.475750 0.639196 0.064427 0.716756
4 0.290878 0.243745 0.083099 0.097215
4 0.366508 0.844338 0.116714 0.250460
4 0.584526 0.069908 0.039219 0.049430
4 0.536440 0.062491 0.036411 0.041195
4 0.495826 0.055083 0.022411 0.046140
4 0.468279 0.214908 0.070026 0.069210
4 0.938870 0.440648 0.079365 0.128520
4 0.739987 0.377210 0.116714 0.084035
3 0.192370 0.282463 0.138187 0.194430
3 0.129344 0.347551 0.114844 0.173006
3 0.057917 0.364848 0.112042 0.187840
3 0.842229 0.671324 0.309990 0.606360
1 0.559784 0.409343 0.034547 0.187840
0 0.199839 0.415106 0.046687 0.060965
0 0.389849 0.461241 0.152198 0.070846
0 0.024305 0.658143 0.037349 0.056029
1 0.871177 0.901186 0.069094 0.186195
1 0.773135 0.787491 0.048552 0.166415
1 0.668560 0.885097 0.072828 0.229807
1 0.637747 0.813028 0.050422 0.154881
1 0.723182 0.721581 0.043885 0.209265
1 0.719914 0.622721 0.063495 0.238915
1 0.669961 0.644141 0.056953 0.222436
1 0.616271 0.630956 0.048552 0.298235
1 0.599000 0.589766 0.045750 0.275175
1 0.576589 0.483488 0.030813 0.227381
