1 0.706911 0.602495 0.037375 0.371020
1 0.535042 0.577174 0.050062 0.318024
1 0.490323 0.586590 0.052729 0.296820
1 0.186966 0.905781 0.068078 0.188437
1 0.511680 0.867500 0.083432 0.265000
1 0.654516 0.306852 0.030031 0.269733
1 0.609461 0.299784 0.066745 0.255597
1 0.536711 0.240303 0.042714 0.228511
1 0.840734 0.631351 0.078094 0.560662
1 0.752964 0.757973 0.044052 0.338042
1 0.569417 0.566572 0.025365 0.207298
3 0.314299 0.179582 0.180578 0.167564
0 0.043091 0.503497 0.086182 0.387638
5 0.227346 0.762091 0.054068 0.131921
5 0.397547 0.665510 0.333062 0.089513
5 0.263357 0.604848 0.062141 0.088336
5 0.283047 0.516512 0.049458 0.085983
5 0.303404 0.429936 0.047453 0.080092
5 0.321758 0.364568 0.034776 0.050643
5 0.333471 0.320400 0.015349 0.035340
5 0.341812 0.273286 0.026698 0.054182
5 0.301099 0.284412 0.033375 0.041342
5 0.276070 0.343897 0.059401 0.080221
5 0.252375 0.416926 0.060073 0.061369
5 0.217969 0.479940 0.039448 0.060193
5 0.199648 0.555322 0.074755 0.090809
5 0.171945 0.638364 0.075422 0.073143
5 0.146250 0.716687 0.070750 0.076682
5 0.105203 0.820335 0.095448 0.126149
5 0.100529 0.943474 0.127484 0.113051
1 0.490320 0.136650 0.023359 0.101296
1 0.466958 0.146664 0.014021 0.062426
1 0.453615 0.123695 0.007344 0.063603
1 0.440599 0.124283 0.018687 0.043585
1 0.410896 0.116631 0.031375 0.054182
1 0.326130 0.064802 0.032708 0.082454
1 0.092521 0.136066 0.050062 0.151949
1 0.060818 0.183180 0.033375 0.175496
1 0.196643 0.288598 0.066078 0.275616
1 0.405221 0.520046 0.092109 0.425202
1 0.890794 0.139012 0.042047 0.162546
1 0.847076 0.266218 0.046724 0.200230
1 0.812367 0.222638 0.028036 0.176673
1 0.777328 0.216746 0.035375 0.219081
1 0.754969 0.305087 0.042719 0.303888
1 0.687888 0.285064 0.039380 0.261489
3 0.149495 0.122776 0.058906 0.090313
3 0.512740 0.107440 0.068885 0.081222
3 0.429049 0.092955 0.086911 0.073851
3 0.304805 0.090740 0.018672 0.035211
3 0.284526 0.094118 0.022531 0.038676
3 0.251854 0.085915 0.044094 0.071002
3 0.216930 0.099260 0.041203 0.089752
3 0.186995 0.098097 0.039271 0.089688
6 0.631154 0.776806 0.202234 0.446388
