1 0.792628 0.278286 0.037464 0.215395
4 0.829320 0.283061 0.032828 0.062702
1 0.915841 0.126967 0.031286 0.158143
2 0.376474 0.662523 0.037469 0.055211
2 0.322977 0.678203 0.048672 0.044311
1 0.333984 0.916075 0.045990 0.154761
1 0.308107 0.873148 0.031286 0.191535
1 0.288599 0.775676 0.048667 0.269237
1 0.361409 0.862243 0.036693 0.137004
4 0.084049 0.707325 0.168099 0.313107
4 0.146622 0.906765 0.293245 0.186471
1 0.129979 0.184848 0.064073 0.364660
1 0.195255 0.326898 0.079292 0.481976
0 0.895880 0.914674 0.141833 0.170653
0 0.856250 0.662937 0.068135 0.324807
0 0.884758 0.440037 0.098266 0.117868
1 0.622180 0.620037 0.100578 0.759926
1 0.975141 0.708741 0.047281 0.221746
1 0.933424 0.511613 0.042641 0.290450
1 0.462036 0.830244 0.036156 0.132509
1 0.384633 0.468667 0.045422 0.181673
2 0.823109 0.748451 0.019469 0.045800
2 0.842758 0.811457 0.023339 0.053961
2 0.948565 0.860216 0.033234 0.052068
2 0.848104 0.510653 0.017198 0.028934
2 0.822305 0.604338 0.013974 0.033235
2 0.863781 0.740850 0.021208 0.061756
2 0.821768 0.703433 0.017734 0.041737
2 0.822977 0.665970 0.015318 0.036994
2 0.867703 0.930271 0.029771 0.061535
2 0.845951 0.858594 0.028005 0.056801
2 0.971484 0.924205 0.033156 0.043741
2 0.984669 0.959577 0.030661 0.064761
2 0.884365 0.979619 0.038625 0.040763
2 0.874901 0.446314 0.014292 0.026581
2 0.901552 0.395188 0.012750 0.023851
