0 0.654247 0.456962 0.078266 0.181994
0 0.711336 0.630018 0.070901 0.180368
1 0.256458 0.500832 0.076427 0.415983
1 0.412995 0.551204 0.056167 0.331489
1 0.859128 0.665767 0.036828 0.131627
1 0.896419 0.664949 0.035911 0.198244
1 0.932333 0.689329 0.030385 0.113750
1 0.973768 0.675515 0.041432 0.151121
1 0.818151 0.227840 0.069063 0.237243
1 0.787763 0.087279 0.028547 0.134871
1 0.751393 0.890823 0.068141 0.204752
4 0.569534 0.654389 0.137203 0.238869
4 0.630307 0.157155 0.093000 0.128373
3 0.934174 0.333460 0.118786 0.370487
3 0.733898 0.392771 0.101286 0.242123
1 0.162073 0.571517 0.125229 0.420864
1 0.073674 0.656020 0.093922 0.326618
1 0.492185 0.277399 0.056172 0.261618
0 0.755076 0.785198 0.055245 0.152748
0 0.815849 0.909508 0.081031 0.170616
1 0.463180 0.608892 0.047880 0.219366
1 0.367414 0.632454 0.154693 0.266489
1 0.473307 0.390335 0.057094 0.246994
