5 0.866956 0.868074 0.046964 0.095873
1 0.519810 0.495147 0.080109 0.399743
1 0.657930 0.671452 0.098526 0.469614
1 0.730214 0.648704 0.104969 0.437114
1 0.805260 0.614582 0.081948 0.320119
1 0.872018 0.552831 0.092078 0.537868
1 0.945224 0.652767 0.100365 0.438732
1 0.557102 0.333465 0.077349 0.323364
1 0.604984 0.352964 0.088396 0.336369
1 0.670820 0.404150 0.072745 0.337987
1 0.749552 0.376526 0.110500 0.396489
1 0.804339 0.352960 0.069063 0.346121
1 0.890896 0.132780 0.076427 0.149494
1 0.379385 0.173405 0.016573 0.038998
1 0.398260 0.186402 0.023021 0.058502
1 0.418518 0.207528 0.026703 0.074743
1 0.444763 0.218902 0.029464 0.078006
1 0.478372 0.220528 0.041432 0.113741
1 0.512904 0.256273 0.049724 0.120248
1 0.066771 0.397652 0.058010 0.120248
1 0.035003 0.448024 0.047880 0.097500
1 0.484818 0.893258 0.043281 0.091002
1 0.486659 0.781953 0.045120 0.063373
5 0.578742 0.944449 0.686005 0.073125
5 0.373401 0.483768 0.041438 0.175496
5 0.349458 0.624329 0.037750 0.108879
5 0.326898 0.744577 0.049724 0.121875
5 0.298815 0.865639 0.037755 0.152748
5 0.230674 0.513019 0.024859 0.081241
5 0.199826 0.582082 0.031307 0.063373
5 0.176807 0.665767 0.034990 0.068244
5 0.151945 0.737266 0.040516 0.074752
5 0.122940 0.812008 0.035911 0.087748
5 0.088409 0.915198 0.057089 0.105616
5 0.506456 0.660078 0.057089 0.528116
5 0.834727 0.804701 0.039599 0.053631
0 0.320281 0.151264 0.046406 0.107638
0 0.379508 0.237210 0.041432 0.062289
0 0.415188 0.279862 0.039135 0.077188
0 0.448185 0.310331 0.043734 0.092077
0 0.483482 0.336742 0.056016 0.090726
2 0.138776 0.448479 0.026521 0.033153
2 0.146510 0.434825 0.015469 0.021452
2 0.163086 0.399729 0.024307 0.021443
2 0.161982 0.421176 0.024307 0.029246
2 0.103417 0.405579 0.015469 0.021452
2 0.142094 0.390951 0.017677 0.019494
2 0.092370 0.426052 0.013260 0.015597
2 0.091263 0.445551 0.017682 0.019504
2 0.469393 0.319623 0.011411 0.015239
2 0.460604 0.326153 0.011719 0.018502
2 0.404169 0.254049 0.015422 0.012509
2 0.374258 0.221673 0.010484 0.015239
6 0.218115 0.274347 0.194479 0.179393
3 0.552922 0.189522 0.167958 0.146250
4 0.252370 0.135901 0.053042 0.070202
4 0.205961 0.127123 0.064089 0.079945
4 0.159552 0.142725 0.068510 0.068244
3 0.098776 0.179775 0.070719 0.130653
3 0.041320 0.211949 0.075141 0.132592
