4 0.197313 0.279761 0.054063 0.062426
2 0.149922 0.561268 0.030031 0.031801
2 0.089518 0.548313 0.021359 0.031811
2 0.478307 0.641365 0.019354 0.043575
2 0.502003 0.639600 0.022693 0.042399
1 0.331135 0.175524 0.073417 0.233217
1 0.481979 0.246195 0.056062 0.188456
1 0.526029 0.154324 0.093443 0.195524
1 0.763643 0.250317 0.058734 0.236756
1 0.700904 0.239127 0.058734 0.212022
1 0.055479 0.377528 0.052063 0.234393
3 0.079466 0.326880 0.158932 0.213189
3 0.228013 0.372224 0.112797 0.174320
2 0.075833 0.566572 0.035375 0.042408
5 0.149589 0.879881 0.016021 0.021195
5 0.122891 0.888125 0.020021 0.028272
5 0.100198 0.915804 0.028031 0.027086
5 0.072833 0.935239 0.044052 0.032978
5 0.024068 0.943415 0.048135 0.113171
5 0.314115 0.958787 0.036708 0.082426
5 0.278740 0.931705 0.034042 0.134274
5 0.242031 0.866926 0.042052 0.120138
5 0.201984 0.793897 0.036708 0.108364
5 0.157266 0.729113 0.043385 0.115432
5 0.105536 0.646664 0.064073 0.089522
1 0.636794 0.754426 0.153578 0.491149
1 0.784336 0.839233 0.140161 0.321535
1 0.736945 0.468810 0.060068 0.379274
1 0.826049 0.474697 0.099453 0.419320
1 0.878445 0.328056 0.086766 0.300358
1 0.557734 0.505322 0.106125 0.565368
1 0.418237 0.485299 0.092776 0.471149
1 0.315784 0.518865 0.124151 0.448759
1 0.227680 0.522403 0.060068 0.458189
1 0.275404 0.690248 0.091443 0.376912
