1 0.557401 0.409324 0.068083 0.272086
1 0.091133 0.230363 0.056068 0.203539
3 0.924411 0.092564 0.151177 0.185129
2 0.776880 0.452063 0.034198 0.029586
2 0.842151 0.459361 0.019000 0.029972
2 0.936367 0.497624 0.030401 0.040230
2 0.883125 0.477229 0.018552 0.039053
1 0.947862 0.802721 0.102786 0.394559
1 0.800687 0.870446 0.120813 0.259108
1 0.754966 0.321576 0.045391 0.190818
6 0.507674 0.851011 0.287672 0.297978
1 0.184297 0.294485 0.064073 0.313309
1 0.076503 0.624871 0.064745 0.250882
1 0.150255 0.788585 0.080094 0.422831
1 0.233354 0.857491 0.082094 0.285018
1 0.470299 0.659619 0.058068 0.301535
1 0.478643 0.398139 0.048057 0.181388
1 0.516352 0.393428 0.032703 0.266195
1 0.642503 0.608971 0.050057 0.202592
3 0.441599 0.227937 0.343740 0.380450
3 0.781333 0.168456 0.104792 0.204945
3 0.225010 0.190832 0.121479 0.162546
