5 0.779477 0.508957 0.028547 0.084494
3 0.955812 0.181526 0.084719 0.307114
3 0.082378 0.227757 0.161234 0.217904
1 0.782701 0.864977 0.082870 0.270046
1 0.819995 0.159591 0.041438 0.191737
1 0.609128 0.489458 0.058016 0.182004
1 0.604984 0.412270 0.053406 0.167371
1 0.548354 0.422835 0.056167 0.224237
1 0.511060 0.339150 0.042359 0.131627
1 0.494487 0.453709 0.042359 0.185248
1 0.458115 0.387086 0.059854 0.295735
5 0.757378 0.807946 0.034068 0.087748
5 0.791909 0.716140 0.033151 0.086121
5 0.812167 0.636517 0.033146 0.076379
5 0.833807 0.574770 0.032229 0.073125
5 0.859589 0.486209 0.030385 0.084494
5 0.819070 0.502459 0.045120 0.061756
5 0.875701 0.422835 0.047880 0.064991
5 0.841633 0.261962 0.022099 0.071498
5 0.822755 0.346461 0.032229 0.097500
5 0.800195 0.440708 0.033151 0.077996
5 0.567693 0.604017 0.039594 0.060129
5 0.644578 0.639766 0.097604 0.066627
5 0.375703 0.970446 0.042354 0.045506
5 0.411615 0.924949 0.042354 0.051994
5 0.447984 0.876199 0.048802 0.055248
5 0.482977 0.829076 0.054328 0.058502
5 0.510138 0.776264 0.040516 0.060119
5 0.543750 0.733199 0.039594 0.048750
5 0.514745 0.581264 0.036833 0.047123
5 0.319531 0.662518 0.055250 0.053621
5 0.299734 0.628392 0.023021 0.037371
5 0.274875 0.651144 0.039594 0.030873
5 0.282240 0.607266 0.041437 0.027619
5 0.245406 0.642201 0.023021 0.042252
5 0.232518 0.596705 0.035911 0.042252
5 0.420823 0.530083 0.044198 0.048750
5 0.375242 0.506521 0.043276 0.037381
5 0.468703 0.569081 0.038677 0.058493
5 0.417138 0.630832 0.057089 0.055248
5 0.361430 0.678764 0.046964 0.047123
5 0.314008 0.730767 0.049724 0.047123
5 0.268427 0.781953 0.043281 0.058502
5 0.224229 0.822574 0.046958 0.052004
5 0.221466 0.939573 0.087474 0.120248
5 0.097156 0.944449 0.102208 0.074743
5 0.139055 0.859949 0.075505 0.103998
0 0.889052 0.231089 0.032229 0.055248
0 0.946146 0.665767 0.104052 0.287619
0 0.970544 0.441521 0.047880 0.186866
5 0.576898 0.679577 0.037755 0.061746
5 0.718245 0.663327 0.046042 0.061746
5 0.685555 0.721829 0.046964 0.074743
5 0.663917 0.790074 0.044198 0.077996
5 0.632609 0.846140 0.055250 0.069871
5 0.601299 0.906259 0.060776 0.089375
5 0.567690 0.963134 0.059849 0.073125
5 0.744945 0.585326 0.031307 0.087748
