0 0.122018 0.809573 0.065380 0.058502
0 0.822294 0.866448 0.097609 0.259991
0 0.852221 0.645455 0.063536 0.214494
0 0.878466 0.500018 0.031307 0.099118
0 0.854062 0.519522 0.043281 0.102371
0 0.066771 0.626769 0.111417 0.076369
0 0.138594 0.712891 0.074583 0.128373
0 0.022109 0.903824 0.034990 0.074743
0 0.075057 0.859136 0.078271 0.056875
0 0.116034 0.981163 0.082870 0.037675
0 0.166219 0.924867 0.065375 0.048906
0 0.471924 0.602394 0.063536 0.099127
0 0.692461 0.821765 0.173109 0.154375
0 0.295130 0.709642 0.039594 0.069871
0 0.268888 0.775450 0.040516 0.068254
0 0.235279 0.840446 0.039599 0.071498
0 0.203513 0.890009 0.049724 0.056875
0 0.332883 0.661705 0.045120 0.061756
0 0.377544 0.623520 0.055245 0.053621
0 0.441542 0.604830 0.078271 0.071498
2 0.020271 0.857514 0.036833 0.047123
2 0.063086 0.816075 0.037755 0.032500
2 0.087029 0.790892 0.035911 0.040625
2 0.617414 0.733203 0.024859 0.035744
2 0.660693 0.755142 0.021177 0.047123
2 0.724688 0.786011 0.018417 0.043879
2 0.744487 0.796576 0.021182 0.045506
2 0.608206 0.858323 0.015651 0.058502
2 0.624781 0.862385 0.024865 0.060119
2 0.643198 0.869701 0.023021 0.055248
2 0.662995 0.877822 0.018417 0.045496
2 0.682792 0.891636 0.021177 0.040625
2 0.705352 0.900570 0.023943 0.048750
2 0.745406 0.920069 0.032229 0.055248
2 0.419443 0.596705 0.023021 0.026002
2 0.413917 0.570703 0.023021 0.022748
2 0.465943 0.534145 0.016573 0.017868
2 0.482977 0.519517 0.019339 0.017877
2 0.498169 0.505708 0.022099 0.012996
2 0.496786 0.540643 0.023021 0.017868
2 0.511523 0.488644 0.017495 0.021131
2 0.523492 0.480519 0.017495 0.021131
2 0.539146 0.466710 0.015656 0.016250
2 0.552497 0.454522 0.014734 0.017868
2 0.511982 0.520331 0.022099 0.019504
2 0.528557 0.506521 0.018417 0.017877
2 0.542831 0.488644 0.017495 0.021131
2 0.557102 0.480519 0.014734 0.011369
2 0.597156 0.459398 0.013812 0.027619
2 0.605906 0.452082 0.018417 0.022748
2 0.616495 0.446397 0.021177 0.027629
2 0.625240 0.436645 0.018417 0.024375
2 0.637214 0.425271 0.020260 0.021131
2 0.645958 0.417960 0.021177 0.022757
2 0.657930 0.412270 0.019339 0.024375
2 0.672664 0.393585 0.017495 0.019504
4 0.077312 0.184697 0.088490 0.118787
4 0.051531 0.374816 0.097698 0.105790
4 0.813086 0.301774 0.060776 0.089375
4 0.872479 0.306650 0.069063 0.073116
3 0.364193 0.474021 0.159302 0.164127
3 0.192461 0.567454 0.211786 0.253493
3 0.452130 0.426893 0.125229 0.183621
3 0.519349 0.342399 0.108656 0.190129
1 0.202130 0.150653 0.046958 0.167371
1 0.925427 0.287151 0.025781 0.082868
1 0.916680 0.353773 0.028547 0.066627
1 0.891357 0.385460 0.023943 0.065000
1 0.872479 0.408208 0.028542 0.065000
