5 0.456396 0.257523 0.019948 0.018961
0 0.054341 0.962321 0.077349 0.056866
0 0.136292 0.923323 0.069979 0.060119
0 0.212258 0.841990 0.065380 0.122031
0 0.273492 0.770574 0.062620 0.092619
0 0.329661 0.714517 0.046042 0.087748
0 0.378466 0.663327 0.047880 0.073125
0 0.417599 0.605643 0.041438 0.068254
0 0.464560 0.558520 0.050641 0.081250
0 0.523492 0.492707 0.043276 0.060119
0 0.572297 0.435023 0.041437 0.058502
0 0.622479 0.375712 0.033146 0.050377
0 0.680031 0.236778 0.032229 0.116994
1 0.104523 0.273341 0.104047 0.333116
1 0.195224 0.285528 0.053406 0.227491
1 0.321372 0.226213 0.084714 0.183621
1 0.450747 0.836383 0.080109 0.308741
1 0.490341 0.795767 0.091161 0.373741
1 0.556641 0.741328 0.102208 0.482619
1 0.601763 0.474017 0.054328 0.142996
1 0.659773 0.607266 0.089318 0.425744
1 0.710878 0.527642 0.064453 0.389991
1 0.754154 0.456958 0.075505 0.352610
1 0.792839 0.386259 0.055260 0.351011
1 0.845776 0.481333 0.046958 0.141379
5 0.290990 0.435023 0.027625 0.042252
2 0.307914 0.674596 0.031464 0.046048
2 0.333620 0.643451 0.032229 0.035211
2 0.355490 0.617045 0.029927 0.033851
2 0.368919 0.600119 0.029161 0.032500
2 0.383883 0.589283 0.026859 0.032500
2 0.395776 0.577771 0.029156 0.033851
2 0.344365 0.573038 0.027625 0.029789
2 0.315203 0.600795 0.032229 0.036553
2 0.245760 0.613663 0.036063 0.037914
2 0.335922 0.503300 0.027625 0.028437
2 0.316357 0.519545 0.026859 0.025726
2 0.266096 0.566944 0.016880 0.031149
2 0.277604 0.556112 0.018417 0.028437
2 0.493229 0.476889 0.023021 0.029789
2 0.524305 0.434913 0.028391 0.029789
2 0.583391 0.377362 0.023792 0.028437
2 0.599120 0.363143 0.018417 0.024375
5 0.322495 0.422730 0.036062 0.032500
5 0.362396 0.392256 0.040667 0.041976
5 0.399612 0.365855 0.041432 0.035202
5 0.436445 0.340800 0.035297 0.031140
5 0.192430 0.403768 0.026089 0.010827
5 0.218518 0.393612 0.030693 0.023015
5 0.247680 0.371268 0.024557 0.021673
5 0.097664 0.457932 0.036068 0.027077
5 0.134495 0.434237 0.031458 0.025735
5 0.165573 0.414600 0.026094 0.037914
5 0.272617 0.361788 0.031464 0.021664
5 0.296404 0.346218 0.026859 0.017601
5 0.315589 0.325905 0.019188 0.023024
5 0.358177 0.334035 0.042969 0.028437
5 0.360862 0.290023 0.036068 0.029789
5 0.415727 0.302886 0.046036 0.025735
5 0.413807 0.277160 0.020719 0.020313
5 0.435294 0.269030 0.019182 0.017601
5 0.478266 0.245335 0.022250 0.018961
