6 0.296971 0.493520 0.124307 0.144614
0 0.016539 0.652684 0.031401 0.050533
1 0.054799 0.460207 0.035911 0.165744
1 0.086568 0.486209 0.044198 0.168998
6 0.644120 0.806480 0.203500 0.387040
5 0.307055 0.634894 0.054422 0.082877
5 0.274872 0.840450 0.135359 0.077996
5 0.270729 0.700703 0.047885 0.068244
5 0.244026 0.764890 0.051562 0.073125
5 0.170362 0.916820 0.057089 0.123493
1 0.173583 0.538208 0.056167 0.266489
1 0.366495 0.616204 0.038677 0.220993
1 0.411615 0.554458 0.042354 0.201489
1 0.402406 0.765703 0.038677 0.214494
1 0.371560 0.765699 0.045120 0.188493
1 0.471005 0.651958 0.048802 0.237243
