3 0.719594 0.114867 0.106792 0.163722
1 0.684885 0.627229 0.108125 0.378097
1 0.779328 0.537711 0.080760 0.371029
6 0.482312 0.590717 0.179542 0.323915
3 0.258049 0.163153 0.122141 0.154301
3 0.445268 0.175524 0.289672 0.296820
5 0.858089 0.656677 0.079427 0.133097
5 0.872107 0.753851 0.048724 0.082445
5 0.908479 0.795662 0.028031 0.045937
5 0.937513 0.820400 0.031370 0.050653
5 0.972224 0.835708 0.034042 0.043585
5 0.825385 0.745607 0.035375 0.051820
5 0.789977 0.802142 0.062141 0.042408
5 0.757302 0.845726 0.062073 0.032978
5 0.723896 0.886356 0.068813 0.041222
5 0.732607 0.944665 0.060734 0.073024
5 0.803357 0.964085 0.080766 0.071829
5 0.647174 0.967560 0.095443 0.064881
5 0.678878 0.922817 0.038714 0.017785
2 0.039396 0.548796 0.033531 0.025312
2 0.054206 0.522330 0.026266 0.023006
2 0.141289 0.529563 0.027568 0.019072
2 0.144919 0.509182 0.028130 0.022353
2 0.150138 0.488966 0.022911 0.015450
2 0.151440 0.476475 0.022536 0.015450
2 0.155073 0.461517 0.024958 0.017096
2 0.161034 0.448042 0.024214 0.021691
2 0.063706 0.495542 0.027755 0.020055
2 0.088544 0.337868 0.012547 0.020312
2 0.097596 0.327022 0.009443 0.019173
2 0.105294 0.314467 0.010089 0.020092
2 0.117779 0.298263 0.009443 0.016434
1 0.316784 0.565983 0.059401 0.206121
1 0.240029 0.226760 0.064745 0.253244
1 0.390539 0.681411 0.125484 0.517086
1 0.472969 0.452909 0.042052 0.213189
1 0.477307 0.315101 0.052062 0.156654
1 0.529034 0.282711 0.082099 0.219081
1 0.590440 0.432881 0.040714 0.194347
1 0.702904 0.227348 0.057401 0.157840
1 0.904477 0.191420 0.016016 0.088336
1 0.925833 0.197316 0.025365 0.076562
1 0.151591 0.203203 0.048057 0.191994
1 0.254044 0.529467 0.074089 0.333327
2 0.122951 0.287307 0.008151 0.019632
2 0.130646 0.275437 0.011125 0.015524
2 0.710737 0.339959 0.020339 0.028410
2 0.760026 0.344692 0.015646 0.025248
2 0.790880 0.354554 0.018344 0.025248
2 0.828648 0.365597 0.024141 0.030772
