1 0.380307 0.614577 0.106813 0.277868
1 0.433714 0.646268 0.108656 0.350993
3 0.844393 0.214026 0.265193 0.350993
0 0.896419 0.690142 0.144568 0.578483
5 0.449826 0.435018 0.045120 0.094246
5 0.141357 0.781140 0.153776 0.123493
5 0.218198 0.934701 0.105062 0.095873
6 0.384451 0.509770 0.135359 0.311985
2 0.725151 0.323713 0.030385 0.027629
2 0.714102 0.311521 0.017495 0.022748
2 0.702128 0.294467 0.019339 0.024375
5 0.612812 0.897325 0.067219 0.196618
5 0.495409 0.929821 0.209943 0.121866
2 0.927268 0.411461 0.023943 0.040625
2 0.873862 0.414710 0.023943 0.034127
2 0.883990 0.387900 0.025781 0.035744
2 0.831964 0.382210 0.017500 0.030873
2 0.820914 0.370836 0.013807 0.024375
2 0.957195 0.548773 0.017495 0.071498
1 0.054753 0.408943 0.089411 0.234154
1 0.139516 0.395211 0.113260 0.199871
1 0.203510 0.333460 0.104969 0.203116
1 0.279477 0.303401 0.115099 0.162500
1 0.349000 0.318837 0.108656 0.245377
1 0.287302 0.465896 0.081031 0.185248
1 0.221927 0.500023 0.101292 0.263244
1 0.269807 0.671452 0.125229 0.248621
5 0.332422 0.880262 0.152854 0.074752
5 0.648260 0.547960 0.062615 0.609357
5 0.745867 0.591829 0.042359 0.294118
