0 0.561245 0.479706 0.037750 0.045496
0 0.471927 0.546333 0.050646 0.042243
0 0.482977 0.478897 0.056172 0.037371
0 0.422203 0.521144 0.069062 0.043869
0 0.360047 0.559329 0.099448 0.032500
0 0.267966 0.598327 0.093922 0.032500
4 0.979755 0.227840 0.027625 0.081250
4 0.936474 0.223778 0.053406 0.092629
4 0.418521 0.216461 0.078271 0.094246
4 0.395500 0.100280 0.052490 0.076369
3 0.624781 0.305023 0.089323 0.115377
3 0.543750 0.301774 0.100365 0.180368
3 0.300656 0.365965 0.146406 0.191746
2 0.515664 0.411457 0.020255 0.022748
2 0.508299 0.417960 0.020255 0.022757
2 0.487581 0.434210 0.019339 0.022757
2 0.484359 0.555267 0.018417 0.024375
2 0.376622 0.524393 0.022099 0.021121
2 0.362349 0.528460 0.021177 0.022748
2 0.334266 0.543897 0.029469 0.024375
2 0.319992 0.547142 0.024859 0.021121
2 0.279018 0.571517 0.029464 0.024375
2 0.261984 0.579646 0.023021 0.030873
2 0.293750 0.631641 0.029469 0.030873
2 0.896880 0.472399 0.014729 0.024375
2 0.882609 0.465083 0.013812 0.029246
2 0.861430 0.456962 0.013807 0.022748
2 0.841633 0.454522 0.012891 0.017868
2 0.954432 0.443148 0.013812 0.027619
2 0.942922 0.521144 0.018417 0.030873
2 0.955812 0.793323 0.018417 0.038998
2 0.974688 0.611328 0.011969 0.035744
2 0.974688 0.551209 0.013812 0.035744
0 0.072294 0.414710 0.093005 0.029256
0 0.375242 0.333465 0.030391 0.045496
0 0.416219 0.335087 0.051562 0.035744
0 0.465940 0.346461 0.040516 0.042243
0 0.506458 0.358649 0.036833 0.043879
0 0.541909 0.413088 0.034068 0.065000
0 0.515206 0.451273 0.021182 0.037381
0 0.610049 0.408212 0.026703 0.074752
0 0.593888 0.457693 0.020349 0.086287
0 0.513826 0.517082 0.049724 0.042252
