1 0.488961 0.778699 0.060776 0.401369
1 0.593013 0.742955 0.051568 0.333116
0 0.598078 0.244899 0.032229 0.081250
0 0.637672 0.310712 0.046958 0.063373
0 0.668982 0.374899 0.052484 0.084504
0 0.680490 0.440708 0.051562 0.092629
0 0.760138 0.233529 0.035911 0.061746
0 0.795591 0.291213 0.042359 0.056875
0 0.834727 0.342399 0.041432 0.081250
0 0.872479 0.399274 0.034073 0.097500
0 0.899182 0.421209 0.030385 0.063373
0 0.740805 0.521958 0.052484 0.050368
3 0.703513 0.280648 0.112339 0.243741
3 0.907010 0.257091 0.160219 0.303869
3 0.633529 0.117344 0.066297 0.099118
4 0.381229 0.536585 0.134438 0.095873
1 0.396880 0.434205 0.055250 0.222619
1 0.436935 0.420400 0.065380 0.185248
1 0.514284 0.244899 0.069057 0.240496
1 0.487581 0.421209 0.050641 0.154366
