3 0.133901 0.275639 0.142167 0.162546
2 0.545385 0.422284 0.010677 0.022381
2 0.697901 0.614862 0.019354 0.028272
2 0.700237 0.671402 0.022693 0.037693
2 0.908482 0.848667 0.041380 0.057721
2 0.818375 0.750905 0.033375 0.055358
2 0.785669 0.780354 0.029370 0.050653
3 0.333471 0.182004 0.032703 0.062426
3 0.302768 0.183176 0.034036 0.071847
3 0.254044 0.180234 0.063411 0.110726
5 0.539380 0.751484 0.053396 0.497031
5 0.709247 0.952321 0.206245 0.090689
5 0.826049 0.907551 0.094109 0.184899
5 0.641500 0.762684 0.212250 0.307426
3 0.199982 0.821567 0.322380 0.356866
3 0.222341 0.614862 0.437849 0.376912
3 0.441932 0.424049 0.240281 0.207307
3 0.314448 0.295662 0.174875 0.124853
3 0.763979 0.372224 0.294344 0.343934
3 0.490990 0.204380 0.084771 0.123667
3 0.567414 0.235533 0.136161 0.117904
3 0.171948 0.230294 0.080760 0.168437
