0 0.605125 0.322753 0.018021 0.037693
0 0.642500 0.334508 0.026031 0.035377
3 0.834727 0.180234 0.171536 0.268557
5 0.438930 0.674931 0.086099 0.647822
1 0.258383 0.580703 0.105453 0.492344
1 0.158599 0.680175 0.102125 0.354651
1 0.073833 0.717923 0.090104 0.265018
1 0.094190 0.410501 0.086766 0.180211
1 0.043094 0.322757 0.084833 0.266195
1 0.362505 0.171351 0.060073 0.236893
1 0.719260 0.319164 0.071417 0.216838
0 0.730273 0.472344 0.030703 0.047114
0 0.747625 0.507091 0.034708 0.027086
0 0.766313 0.552436 0.037375 0.044761
3 0.561406 0.178470 0.277656 0.349825
0 0.683216 0.448199 0.018026 0.034154
