4 0.204432 0.132780 0.025781 0.037381
4 0.086531 0.146507 0.025896 0.048897
4 0.159773 0.193713 0.072745 0.032500
4 0.127083 0.132780 0.053406 0.053631
4 0.271190 0.047468 0.028547 0.035744
4 0.236198 0.049095 0.030385 0.035744
4 0.174505 0.136843 0.037750 0.051994
3 0.347156 0.214026 0.152854 0.186875
2 0.348953 0.895616 0.035083 0.045662
2 0.348951 0.692500 0.029557 0.045662
2 0.258297 0.474835 0.013812 0.019504
2 0.232055 0.430960 0.012891 0.022748
2 0.250932 0.455335 0.011969 0.022748
2 0.221927 0.401714 0.011052 0.022748
2 0.219164 0.350524 0.011047 0.021121
2 0.218198 0.241567 0.007458 0.014789
2 0.220083 0.272523 0.009208 0.017877
2 0.215943 0.224586 0.011969 0.016250
2 0.207193 0.231089 0.009208 0.022748
2 0.360049 0.975322 0.038672 0.045496
2 0.387211 0.668208 0.026703 0.032500
2 0.397802 0.689329 0.025781 0.042243
2 0.431872 0.762449 0.025786 0.071498
2 0.444302 0.839637 0.030385 0.056866
0 0.356823 0.621893 0.076427 0.118621
0 0.250932 0.487835 0.058010 0.120248
0 0.395958 0.816889 0.152854 0.352619
0 0.210878 0.322086 0.055245 0.331489
