1 0.842552 0.758134 0.055250 0.483732
1 0.882609 0.773015 0.056167 0.448493
1 0.925427 0.828010 0.062615 0.343980
1 0.497708 0.190464 0.058010 0.264862
1 0.340250 0.319646 0.048802 0.103998
1 0.491263 0.521958 0.091161 0.394871
2 0.318612 0.682013 0.033151 0.032500
2 0.336107 0.748640 0.042359 0.042243
2 0.349000 0.656829 0.027625 0.040625
2 0.901023 0.516268 0.017495 0.025993
3 0.668521 0.222151 0.082875 0.195000
3 0.836979 0.204191 0.125312 0.217904
4 0.542828 0.373272 0.074583 0.130000
4 0.610508 0.172587 0.051568 0.063373
4 0.550656 0.231903 0.042354 0.081250
3 0.612810 0.094596 0.072745 0.102371
1 0.412995 0.604021 0.133521 0.451737
1 0.099458 0.741328 0.160219 0.492362
1 0.174044 0.695827 0.154693 0.550864
1 0.239422 0.606457 0.106813 0.537858
1 0.632609 0.565832 0.082875 0.505358
1 0.766125 0.746760 0.119708 0.506480
