1 0.579201 0.216466 0.057089 0.165744
2 0.630305 0.468332 0.026703 0.035744
2 0.618333 0.478892 0.023021 0.030873
2 0.601760 0.504085 0.028542 0.038998
2 0.526255 0.595078 0.032229 0.042252
2 0.478372 0.665767 0.035911 0.050377
2 0.326437 0.854260 0.039594 0.050377
2 0.306182 0.875386 0.041437 0.053621
2 0.287763 0.901383 0.043276 0.050377
2 0.267047 0.940386 0.042354 0.053621
2 0.265206 0.833134 0.033151 0.037371
2 0.116956 0.914384 0.051568 0.043879
2 0.216862 0.879449 0.046964 0.035754
2 0.233437 0.728327 0.032229 0.035754
2 0.222849 0.750262 0.036833 0.034127
2 0.203052 0.768952 0.030385 0.032500
2 0.171742 0.795763 0.034068 0.040625
2 0.155167 0.814449 0.032229 0.052004
1 0.528557 0.166903 0.057094 0.180368
1 0.499091 0.175028 0.044203 0.180368
1 0.314008 0.263589 0.051568 0.165744
1 0.278096 0.231903 0.053411 0.232371
1 0.225612 0.266029 0.077349 0.277868
1 0.172664 0.218902 0.061693 0.251866
1 0.128005 0.378148 0.071823 0.222619
1 0.086109 0.269278 0.085635 0.316866
5 0.391354 0.361898 0.046042 0.034127
5 0.331964 0.412275 0.048802 0.034127
5 0.492646 0.279839 0.033146 0.019494
5 0.461797 0.298525 0.032229 0.027619
5 0.428648 0.312335 0.035911 0.029246
5 0.391357 0.335087 0.038672 0.026002
5 0.345776 0.354586 0.039594 0.048750
5 0.285003 0.405777 0.034068 0.030873
5 0.244948 0.431769 0.038677 0.030873
5 0.202128 0.458585 0.052484 0.029246
5 0.158852 0.487831 0.034068 0.029246
5 0.120638 0.512206 0.047880 0.032500
5 0.372940 0.468336 0.051568 0.061746
5 0.314930 0.513833 0.057089 0.061746
5 0.257378 0.570625 0.050641 0.087904
0 0.747711 0.218902 0.033151 0.037381
0 0.724229 0.313961 0.032229 0.142996
0 0.625242 0.545519 0.038672 0.060119
0 0.577820 0.612955 0.043276 0.068244
0 0.708115 0.572330 0.036833 0.055248
0 0.672203 0.671452 0.068135 0.142996
0 0.573216 0.738074 0.046964 0.091002
0 0.529018 0.794136 0.056172 0.060129
0 0.544669 0.660892 0.043276 0.069871
0 0.505536 0.711268 0.042354 0.073125
0 0.463180 0.772201 0.051568 0.071498
0 0.314927 0.959072 0.055250 0.074743
0 0.395961 0.896581 0.101286 0.206838
