3 0.128896 0.132532 0.069417 0.097767
0 0.105471 0.314508 0.067859 0.081461
0 0.035214 0.481866 0.070427 0.302316
2 0.063622 0.374003 0.014078 0.020119
2 0.046188 0.389977 0.013188 0.018153
2 0.039146 0.400432 0.014302 0.022482
2 0.910482 0.412863 0.022693 0.036517
3 0.297430 0.094839 0.019359 0.034164
3 0.273401 0.090129 0.026031 0.050643
3 0.244034 0.083649 0.032703 0.073033
6 0.645172 0.846889 0.202240 0.306222
1 0.382529 0.590129 0.085432 0.438162
1 0.475302 0.684357 0.053396 0.386342
1 0.524695 0.677289 0.058734 0.452298
1 0.571753 0.663745 0.055401 0.272086
1 0.719258 0.683180 0.046057 0.393401
1 0.794680 0.859256 0.064745 0.281489
1 0.882117 0.739118 0.115474 0.521765
1 0.622479 0.341599 0.096781 0.266195
1 0.528701 0.275639 0.054734 0.256774
1 0.696898 0.313332 0.049391 0.285046
1 0.776659 0.280354 0.072755 0.351002
1 0.860424 0.290956 0.073422 0.263842
1 0.167276 0.298612 0.074083 0.297996
5 0.163940 0.924568 0.094109 0.150864
5 0.212995 0.773814 0.098781 0.153235
5 0.239695 0.616567 0.082766 0.142638
5 0.276070 0.470519 0.070078 0.140285
5 0.311112 0.338010 0.064078 0.127325
5 0.412229 0.755028 0.310365 0.110717
3 0.526701 0.115455 0.101453 0.084807
3 0.398547 0.100138 0.042719 0.089522
3 0.448273 0.103672 0.046057 0.080101
3 0.293424 0.185538 0.162193 0.149586
3 0.188969 0.105441 0.052063 0.090699
