4 0.810323 0.513019 0.198896 0.206369
0 0.211797 0.851824 0.233885 0.113741
0 0.606826 0.768139 0.099443 0.095873
0 0.843474 0.741328 0.138125 0.103998
0 0.944302 0.706388 0.105896 0.089375
0 0.772109 0.660083 0.093000 0.110496
0 0.263362 0.386273 0.193370 0.060119
0 0.113732 0.457688 0.161141 0.040781
0 0.099458 0.402523 0.143646 0.037381
0 0.882607 0.349715 0.207182 0.061746
2 0.196143 0.916820 0.055245 0.048750
2 0.265667 0.903819 0.058010 0.055248
2 0.329203 0.871324 0.048802 0.058493
2 0.369258 0.883511 0.047880 0.043879
2 0.672661 0.863199 0.048802 0.077996
2 0.724688 0.852633 0.046042 0.063373
2 0.758760 0.848575 0.034990 0.061746
2 0.768888 0.785198 0.047880 0.038998
2 0.720544 0.790074 0.046964 0.045496
2 0.843013 0.706388 0.043276 0.027629
4 0.632609 0.562583 0.178635 0.233989
