2 0.440599 0.439361 0.018687 0.021204
3 0.840068 0.678465 0.318375 0.640754
3 0.675206 0.335124 0.147505 0.118961
3 0.615135 0.285064 0.079427 0.143695
0 0.426880 0.833295 0.111531 0.331094
0 0.514018 0.311563 0.076089 0.156654
0 0.460289 0.529467 0.084766 0.279154
3 0.465628 0.209683 0.046057 0.087160
3 0.399547 0.207914 0.088771 0.116599
3 0.267060 0.240892 0.085432 0.151949
1 0.597448 0.802721 0.080094 0.394559
1 0.579094 0.484710 0.059406 0.340395
3 0.064456 0.324522 0.116870 0.189632
2 0.227013 0.633116 0.253630 0.234393
2 0.269396 0.439949 0.143500 0.180211
2 0.384531 0.357500 0.180208 0.123676
2 0.477643 0.494136 0.012682 0.029449
2 0.493995 0.470574 0.016021 0.024733
2 0.493661 0.514154 0.008677 0.029449
2 0.478641 0.666098 0.018687 0.034164
2 0.488654 0.389894 0.013349 0.023557
2 0.495326 0.337477 0.013349 0.020028
2 0.436594 0.420515 0.010677 0.018842
2 0.422242 0.416392 0.008672 0.027086
2 0.387896 0.415827 0.011177 0.018088
2 0.406245 0.418782 0.010990 0.018079
2 0.029372 0.487086 0.028099 0.030680
2 0.050716 0.472151 0.022661 0.024375
2 0.057779 0.459963 0.022505 0.023566
