1 0.657521 0.335119 0.060073 0.203768
1 0.710247 0.375758 0.049391 0.242638
1 0.739951 0.270331 0.048724 0.425221
1 0.564708 0.120740 0.129552 0.241480
0 0.778995 0.775588 0.218927 0.199154
0 0.702906 0.937523 0.209583 0.124954
2 0.784336 0.952316 0.045391 0.045937
2 0.842404 0.696135 0.024026 0.049476
2 0.799687 0.739067 0.034708 0.057840
2 0.736279 0.809738 0.029370 0.046057
2 0.712250 0.850432 0.028031 0.061250
3 0.861427 0.226172 0.104792 0.223796
1 0.916529 0.697891 0.166943 0.604219
1 0.048096 0.604848 0.096193 0.724384
1 0.410896 0.591893 0.110125 0.545349
1 0.231352 0.795074 0.198234 0.407537
