2 0.854063 0.715331 0.028542 0.048750
2 0.881227 0.694205 0.025786 0.042252
2 0.899643 0.679577 0.023943 0.035754
4 0.275333 0.407399 0.147333 0.180368
4 0.355445 0.174219 0.104974 0.097500
4 0.050609 0.213943 0.081125 0.135037
3 0.772112 0.536581 0.168505 0.289246
3 0.406089 0.733203 0.285448 0.464733
3 0.630766 0.624329 0.233885 0.302243
3 0.884911 0.474835 0.171271 0.285993
3 0.959034 0.433396 0.080109 0.248612
3 0.100794 0.451190 0.179651 0.232528
1 0.589328 0.347270 0.062615 0.199871
1 0.623859 0.263589 0.065375 0.201498
1 0.690620 0.191278 0.088396 0.199871
1 0.792370 0.209150 0.069063 0.271369
1 0.500471 0.360271 0.100370 0.193373
1 0.462258 0.435018 0.092078 0.134871
0 0.473768 0.963286 0.067224 0.073428
1 0.648260 0.378961 0.079187 0.155993
1 0.558945 0.341585 0.084714 0.188502
0 0.528557 0.901383 0.079187 0.082877
0 0.628464 0.846140 0.105896 0.089375
0 0.762904 0.937289 0.087474 0.125423
0 0.725609 0.829890 0.090240 0.118621
0 0.953971 0.634081 0.086557 0.090993
2 0.754615 0.735643 0.034073 0.040625
2 0.784542 0.709642 0.023938 0.040625
2 0.805721 0.692578 0.025786 0.032491
2 0.832883 0.673892 0.017495 0.043869
2 0.854523 0.664954 0.023943 0.035754
2 0.874320 0.649517 0.019339 0.037381
2 0.892737 0.638143 0.023016 0.037371
2 0.961339 0.669017 0.025781 0.043879
2 0.980214 0.659269 0.030385 0.063373
2 0.723307 0.831512 0.034073 0.053631
2 0.783161 0.902197 0.028542 0.052004
2 0.769807 0.844513 0.036833 0.040625
2 0.767969 0.800639 0.025781 0.063373
2 0.780857 0.768952 0.031307 0.032500
2 0.808482 0.755142 0.031307 0.047123
2 0.828742 0.729954 0.023943 0.045496
0 0.279477 0.869697 0.087474 0.250239
0 0.242185 0.741328 0.095766 0.136498
0 0.110049 0.696641 0.205339 0.053631
1 0.711799 0.313153 0.095766 0.151121
1 0.849919 0.249779 0.086557 0.138125
1 0.868797 0.232716 0.059854 0.123502
