1 0.147802 0.426085 0.085635 0.260000
2 0.529938 0.431774 0.030385 0.027629
2 0.540987 0.422835 0.030391 0.026002
2 0.208583 0.511392 0.028562 0.014623
2 0.232977 0.508957 0.031307 0.026002
2 0.782240 0.389522 0.030385 0.024375
2 0.800198 0.410648 0.027625 0.021131
2 0.805260 0.432583 0.024865 0.019504
2 0.815388 0.447210 0.024859 0.019494
2 0.968706 0.530896 0.031307 0.047123
3 0.887214 0.248153 0.220073 0.359118
6 0.355906 0.772197 0.168510 0.445239
1 0.623401 0.701517 0.046042 0.089375
1 0.579203 0.681199 0.044198 0.087748
1 0.729753 0.813635 0.056172 0.251866
1 0.722388 0.601576 0.043276 0.181994
1 0.919443 0.508148 0.048802 0.235616
1 0.109128 0.760014 0.144568 0.450119
1 0.225151 0.741328 0.069062 0.263244
1 0.036383 0.498396 0.063536 0.229127
1 0.086107 0.467518 0.080109 0.248621
2 0.514284 0.445588 0.024859 0.032500
1 0.209036 0.378961 0.064458 0.195000
1 0.247708 0.294462 0.062615 0.230744
1 0.266128 0.409026 0.068141 0.199871
1 0.319992 0.336714 0.072745 0.276241
1 0.333346 0.501645 0.103130 0.281121
1 0.517966 0.663327 0.056172 0.318493
1 0.430029 0.423644 0.047880 0.173869
1 0.689240 0.248966 0.058010 0.321737
1 0.833346 0.495960 0.049724 0.217748
1 0.872479 0.517082 0.063531 0.363998
5 0.451669 0.630832 0.093005 0.243741
2 0.471927 0.475648 0.028542 0.043869
2 0.480674 0.464269 0.022099 0.034127
2 0.493565 0.456958 0.023943 0.025993
2 0.500932 0.448833 0.020260 0.025993
5 0.574138 0.825823 0.286370 0.133244
5 0.884451 0.815262 0.063536 0.329862
5 0.743565 0.657638 0.098526 0.645110
