6 0.629484 0.779164 0.185552 0.441673
1 0.705576 0.590717 0.045391 0.316838
1 0.759641 0.742073 0.052063 0.348649
1 0.839401 0.622518 0.098115 0.580680
1 0.542385 0.252670 0.052729 0.300358
1 0.613133 0.275051 0.099453 0.352178
1 0.689557 0.260331 0.064073 0.341581
1 0.799354 0.256797 0.150177 0.353355
1 0.492323 0.581884 0.052729 0.313309
1 0.408224 0.511213 0.098115 0.372206
1 0.192974 0.264453 0.080094 0.272086
3 0.308107 0.190832 0.128818 0.181388
3 0.534708 0.112505 0.097448 0.100119
3 0.435591 0.098373 0.099453 0.102482
3 0.151924 0.120161 0.067411 0.113079
3 0.026737 0.213212 0.053474 0.209660
3 0.208987 0.077762 0.046714 0.096590
3 0.306505 0.091581 0.020115 0.040239
3 0.285716 0.088741 0.021995 0.044026
3 0.256211 0.089449 0.033797 0.068162
5 0.224687 0.787950 0.126146 0.418254
5 0.292089 0.467569 0.086104 0.218024
5 0.229016 0.474049 0.097448 0.176792
0 0.055810 0.502376 0.092776 0.362785
5 0.336474 0.300317 0.056062 0.107307
5 0.070161 0.906912 0.114802 0.175625
5 0.148919 0.691365 0.129484 0.241572
5 0.278070 0.323869 0.075422 0.102592
