2 0.090273 0.621636 0.034255 0.044853
2 0.064305 0.651861 0.035359 0.042895
2 0.533919 0.321347 0.019891 0.029256
2 0.522870 0.327197 0.024312 0.021452
2 0.513477 0.336944 0.018786 0.021443
2 0.497456 0.345722 0.019891 0.019494
2 0.488617 0.354494 0.019891 0.017555
2 0.476461 0.371071 0.033151 0.019494
2 0.594141 0.567036 0.016573 0.037050
2 0.580880 0.559237 0.016573 0.025349
2 0.536682 0.557293 0.029833 0.033153
2 0.500219 0.542665 0.014365 0.023401
2 0.846076 0.606043 0.036464 0.037050
2 0.838341 0.577767 0.034255 0.023401
2 0.838339 0.558267 0.029833 0.038998
2 0.683643 0.757160 0.025411 0.074099
2 0.377013 0.456866 0.022099 0.027298
2 0.321214 0.474416 0.016573 0.027307
0 0.559885 0.568989 0.144750 0.099449
2 0.404638 0.419816 0.022099 0.027298
0 0.640549 0.776209 0.089505 0.447583
0 0.667620 0.472468 0.057458 0.233998
0 0.126737 0.743511 0.058568 0.042904
0 0.080328 0.786406 0.056354 0.050699
0 0.036130 0.825409 0.056354 0.058502
0 0.161487 0.712312 0.042099 0.027307
0 0.198560 0.685983 0.040880 0.048750
0 0.222318 0.622615 0.028729 0.062399
0 0.253807 0.566062 0.029833 0.085800
0 0.052648 0.734738 0.080776 0.037050
0 0.112372 0.664536 0.058568 0.064347
0 0.147177 0.575818 0.055250 0.124798
0 0.073146 0.508539 0.114917 0.079945
1 0.800219 0.169251 0.046406 0.095542
1 0.688615 0.274545 0.033146 0.107252
1 0.706294 0.353520 0.030943 0.109191
1 0.735026 0.265772 0.028729 0.120901
1 0.763753 0.230671 0.053036 0.171599
2 0.021708 0.886834 0.038781 0.040947
3 0.287510 0.379844 0.143646 0.185239
3 0.368174 0.337923 0.103870 0.155993
4 0.977456 0.528042 0.045089 0.068254
4 0.641102 0.239444 0.048620 0.064347
4 0.690826 0.244324 0.059672 0.085800
4 0.735578 0.062004 0.027625 0.029246
4 0.838891 0.110749 0.055250 0.064347
4 0.037677 0.318424 0.075354 0.089697
1 0.773698 0.523166 0.057458 0.194991
1 0.787510 0.613837 0.062979 0.189145
1 0.796352 0.738635 0.065193 0.243741
1 0.816792 0.838084 0.068510 0.235947
1 0.836128 0.880005 0.080661 0.237895
2 0.107953 0.607992 0.040885 0.037050
1 0.964305 0.941429 0.049724 0.091645
