1 0.773286 0.277316 0.065615 0.238695
1 0.507812 0.307597 0.033313 0.156756
5 0.115219 0.921048 0.022708 0.057886
5 0.216161 0.675377 0.017667 0.047500
5 0.235508 0.635294 0.019349 0.035625
5 0.272940 0.608580 0.052151 0.026719
1 0.544656 0.291567 0.044417 0.249384
3 0.359581 0.155827 0.063932 0.086103
3 0.289763 0.116489 0.067297 0.075699
6 0.082833 0.204812 0.065615 0.142509
1 0.700609 0.206949 0.069646 0.179908
1 0.470086 0.215653 0.024859 0.167371
1 0.504617 0.146590 0.031307 0.130000
1 0.580581 0.248148 0.026703 0.144623
1 0.650104 0.301778 0.044198 0.173869
1 0.709034 0.355400 0.023943 0.173869
1 0.830583 0.338341 0.046042 0.214494
1 0.869255 0.301774 0.046042 0.225864
1 0.442000 0.544706 0.051562 0.276250
1 0.418518 0.729949 0.061693 0.308741
1 0.389977 0.854260 0.072745 0.268116
1 0.781779 0.686889 0.047880 0.190119
1 0.743518 0.668203 0.015745 0.116994
1 0.961336 0.322086 0.042359 0.347739
2 0.522573 0.901388 0.050646 0.105625
2 0.555260 0.806324 0.042354 0.081250
2 0.559865 0.910322 0.023938 0.077996
2 0.544669 0.695827 0.035911 0.094246
2 0.506458 0.526006 0.011052 0.017840
2 0.471927 0.446397 0.013812 0.040625
3 0.144117 0.113281 0.052484 0.060129
3 0.044672 0.266029 0.067219 0.102371
4 0.825977 0.511392 0.167589 0.128373
4 0.035000 0.157151 0.062615 0.105625
5 0.122938 0.607266 0.185083 0.050377
5 0.182935 0.748111 0.048786 0.160322
5 0.137510 0.873548 0.020187 0.066801
5 0.153495 0.832725 0.016823 0.059384
1 0.616034 0.238401 0.023943 0.164118
0 0.512443 0.734977 0.105896 0.530046
0 0.674505 0.614582 0.299260 0.071498
1 0.126161 0.413084 0.055250 0.279494
1 0.201208 0.341585 0.067219 0.256737
1 0.272570 0.318024 0.066297 0.352610
1 0.335646 0.449646 0.059854 0.359108
1 0.381687 0.336714 0.085635 0.263244
1 0.432792 0.266838 0.042354 0.204743
