2 0.116034 0.699081 0.057089 0.032500
2 0.158393 0.695827 0.040516 0.029246
2 0.938318 0.628396 0.051562 0.063373
2 0.919904 0.603208 0.049724 0.048750
2 0.949367 0.641392 0.046036 0.050377
2 0.908852 0.578019 0.033151 0.037381
2 0.612810 0.410643 0.019339 0.024375
2 0.569534 0.565018 0.026703 0.040625
2 0.556182 0.580455 0.025781 0.035744
2 0.537766 0.589393 0.029469 0.040625
2 0.520732 0.604830 0.026703 0.038998
2 0.504615 0.615391 0.025781 0.043869
2 0.483898 0.625956 0.026703 0.035754
2 0.471005 0.637330 0.030385 0.042252
2 0.447065 0.655207 0.030391 0.058502
0 0.947987 0.572330 0.070901 0.081241
0 0.904247 0.512206 0.057089 0.052004
0 0.877083 0.308277 0.032229 0.027619
0 0.840250 0.335896 0.030385 0.030873
0 0.815388 0.396025 0.054328 0.079623
0 0.573677 0.439085 0.047885 0.029256
0 0.517508 0.478084 0.073661 0.038998
0 0.469164 0.513024 0.050641 0.040625
0 0.330583 0.573143 0.081031 0.037371
0 0.075979 0.700703 0.061698 0.042252
5 0.442461 0.950947 0.050641 0.090993
5 0.467784 0.864825 0.049724 0.123493
5 0.453049 0.784384 0.075505 0.102371
5 0.826440 0.718580 0.126151 0.519991
2 0.724690 0.365960 0.023943 0.035744
2 0.697984 0.370836 0.025781 0.032500
2 0.673583 0.378957 0.023021 0.038998
2 0.966862 0.656016 0.033151 0.050377
2 0.632148 0.391962 0.028547 0.035744
