0 0.404320 0.662266 0.078432 0.222436
0 0.389380 0.526328 0.074698 0.161480
0 0.371641 0.416751 0.056021 0.156535
0 0.357635 0.319540 0.054156 0.173015
1 0.829625 0.786664 0.084969 0.266930
1 0.868841 0.751241 0.083099 0.406985
1 0.650820 0.892119 0.078432 0.191131
1 0.659690 0.643313 0.101776 0.296590
1 0.597133 0.768539 0.042016 0.145000
1 0.579859 0.730643 0.028010 0.145000
1 0.557917 0.668033 0.040146 0.194430
1 0.523367 0.612831 0.042016 0.113695
1 0.531307 0.483488 0.041083 0.168061
1 0.571922 0.447233 0.043885 0.121930
1 0.484151 0.458773 0.051354 0.210910
1 0.469680 0.415928 0.039214 0.148290
1 0.445406 0.362381 0.033615 0.130165
1 0.429065 0.329426 0.027078 0.116994
5 0.186768 0.972036 0.024276 0.051075
5 0.204977 0.947321 0.027078 0.057675
5 0.220380 0.909426 0.026146 0.047785
5 0.233453 0.873994 0.029875 0.065910
5 0.249792 0.848456 0.012135 0.037904
5 0.273555 0.822918 0.046776 0.039550
4 0.342229 0.064968 0.043885 0.032950
4 0.380977 0.062495 0.024276 0.037895
4 0.431398 0.069908 0.039214 0.052721
4 0.235320 0.193488 0.076568 0.115340
4 0.302081 0.196788 0.053224 0.079090
4 0.328690 0.635905 0.091505 0.169715
4 0.560250 0.300593 0.059760 0.042840
4 0.948206 0.659793 0.094307 0.191131
4 0.952875 0.483488 0.079365 0.138410
3 0.708245 0.516443 0.333333 0.484430
0 0.425794 0.151475 0.024276 0.047785
0 0.041529 0.506553 0.073859 0.059320
0 0.059784 0.441471 0.046682 0.057665
0 0.452406 0.873562 0.107375 0.252877
0 0.422063 0.772661 0.076563 0.238925
