2 0.263055 0.898722 0.056068 0.044761
0 0.483982 0.444012 0.058734 0.127325
0 0.501635 0.583001 0.088833 0.160303
0 0.534375 0.827408 0.132823 0.335809
3 0.625815 0.063024 0.152849 0.126048
3 0.357500 0.093061 0.122146 0.186121
3 0.481646 0.160800 0.096781 0.168437
3 0.656518 0.226760 0.135495 0.184917
3 0.776323 0.426406 0.292344 0.376912
2 0.441932 0.398722 0.018687 0.029449
2 0.424245 0.376935 0.015354 0.042399
2 0.441599 0.426406 0.023365 0.035331
2 0.440263 0.477054 0.030036 0.042399
2 0.442935 0.510625 0.032703 0.029449
2 0.498331 0.953497 0.059401 0.057711
2 0.263021 0.958166 0.058802 0.053153
2 0.362172 0.884591 0.030031 0.082454
2 0.459620 0.696723 0.042052 0.048300
2 0.452945 0.621926 0.031370 0.054182
2 0.502349 0.561268 0.020719 0.043585
