0 0.026253 0.265216 0.026703 0.103998
1 0.210878 0.302587 0.057089 0.435487
1 0.917138 0.798203 0.104974 0.402987
1 0.744945 0.641392 0.104974 0.498869
1 0.649182 0.502459 0.081031 0.558980
1 0.584266 0.513019 0.056167 0.333116
1 0.527174 0.534145 0.052484 0.404614
1 0.463180 0.636517 0.047880 0.177114
1 0.418060 0.638143 0.044203 0.183621
1 0.340253 0.652767 0.061693 0.199871
3 0.043284 0.116530 0.086568 0.190119
3 0.315852 0.077532 0.149172 0.141369
3 0.431872 0.431774 0.254141 0.225864
0 0.221469 0.937132 0.094844 0.118621
0 0.193844 0.731576 0.122469 0.295744
0 0.139977 0.470772 0.130755 0.209614
