1 0.900104 0.280648 0.076427 0.389991
1 0.087490 0.338336 0.088396 0.489118
1 0.965021 0.264398 0.055250 0.438741
1 0.172661 0.370023 0.076427 0.357491
1 0.271648 0.489458 0.093922 0.297371
1 0.400565 0.535767 0.103130 0.250248
4 0.958576 0.565832 0.075505 0.128373
4 0.907471 0.548768 0.054328 0.126746
4 0.862810 0.525207 0.069984 0.125119
6 0.663914 0.344021 0.220995 0.467987
1 0.369255 0.306650 0.090240 0.324991
1 0.402406 0.307463 0.069979 0.446857
1 0.514745 0.306650 0.152854 0.601241
1 0.713180 0.229467 0.046964 0.180368
1 0.781781 0.280653 0.099448 0.250239
1 0.845776 0.237592 0.089323 0.466360
