2 0.402854 0.443240 0.017969 0.027454
3 0.361836 0.257973 0.093443 0.230855
3 0.513349 0.202610 0.180208 0.247353
1 0.599451 0.737348 0.130818 0.525303
1 0.723263 0.579527 0.046057 0.471149
0 0.507977 0.809210 0.140234 0.379265
2 0.472302 0.931705 0.036708 0.082454
2 0.497997 0.843369 0.018693 0.065965
2 0.545719 0.714982 0.026031 0.049467
2 0.442820 0.474007 0.019047 0.022721
2 0.426326 0.462174 0.017703 0.023667
0 0.364039 0.395313 0.074755 0.094228
0 0.439128 0.454793 0.076755 0.097767
0 0.519891 0.514274 0.079427 0.110717
0 0.572953 0.559035 0.044052 0.080092
1 0.806227 0.720032 0.102120 0.559936
1 0.907013 0.815441 0.095443 0.369118
1 0.909682 0.455970 0.068750 0.323906
1 0.826250 0.368222 0.035375 0.143704
1 0.537578 0.405910 0.033375 0.113070
1 0.558935 0.398254 0.012016 0.123676
1 0.571951 0.385299 0.014016 0.069494
1 0.587305 0.372932 0.030036 0.075386
1 0.273602 0.522518 0.090109 0.270901
1 0.193503 0.492495 0.070078 0.203796
