1 0.736945 0.413447 0.050724 0.391048
1 0.614133 0.376935 0.038714 0.146057
1 0.926503 0.454674 0.093443 0.475855
1 0.946565 0.817973 0.106870 0.364053
1 0.728268 0.128410 0.090776 0.200239
1 0.918492 0.114862 0.138828 0.187279
5 0.209659 0.825689 0.085432 0.348621
5 0.329466 0.823332 0.124818 0.353336
5 0.410560 0.540657 0.040047 0.075377
5 0.433589 0.598961 0.030031 0.041232
5 0.444604 0.638419 0.036042 0.037684
5 0.562742 0.976452 0.048057 0.047096
5 0.544719 0.925230 0.045385 0.045938
5 0.520693 0.873989 0.044052 0.047114
5 0.508677 0.828056 0.046719 0.040046
5 0.491990 0.783295 0.037375 0.040046
5 0.474305 0.733240 0.040714 0.057711
5 0.457617 0.684357 0.039380 0.044761
1 0.803693 0.404614 0.069417 0.411066
1 0.677878 0.490597 0.084766 0.418143
5 0.774323 0.928759 0.072083 0.045938
2 0.395609 0.376765 0.016688 0.016893
2 0.062997 0.495335 0.034203 0.027215
2 0.090826 0.559637 0.018776 0.030377
2 0.132182 0.585271 0.047385 0.028006
2 0.126924 0.605786 0.037328 0.020119
2 0.129049 0.636949 0.040234 0.024853
2 0.128492 0.662394 0.038672 0.026039
0 0.425914 0.396369 0.224266 0.123621
5 0.822047 0.981167 0.052729 0.037665
3 0.168245 0.443424 0.277729 0.420616
3 0.465628 0.246195 0.214255 0.214375
3 0.278073 0.181411 0.168865 0.146057
2 0.503557 0.429494 0.017333 0.019632
5 0.530036 0.511209 0.052063 0.056535
5 0.554398 0.560680 0.048724 0.044761
5 0.583432 0.600726 0.044052 0.028272
5 0.604792 0.650786 0.053396 0.053006
5 0.643503 0.711448 0.061401 0.058888
5 0.674206 0.766218 0.054734 0.041222
5 0.708911 0.815689 0.069417 0.048290
5 0.746292 0.872224 0.070750 0.052996
2 0.429760 0.385666 0.013583 0.017803
