5 0.456281 0.605441 0.086104 0.091875
5 0.308443 0.894545 0.108125 0.074329
5 0.249039 0.966972 0.117474 0.066057
5 0.628818 0.892835 0.078760 0.098943
1 0.875443 0.687302 0.222260 0.601884
1 0.720258 0.630175 0.058734 0.358070
1 0.564742 0.550078 0.173536 0.494697
1 0.272065 0.139596 0.100786 0.246176
5 0.369180 0.818571 0.101453 0.061369
3 0.560404 0.255028 0.192891 0.217904
3 0.436589 0.144315 0.062760 0.093042
3 0.546055 0.113686 0.050724 0.081268
3 0.601120 0.109563 0.038042 0.117785
3 0.665862 0.103088 0.063411 0.109540
3 0.489320 0.122518 0.057401 0.101287
3 0.935219 0.236774 0.129562 0.219081
3 0.813703 0.116631 0.054729 0.073024
3 0.846409 0.147845 0.068078 0.085983
3 0.093187 0.207914 0.079427 0.166085
3 0.178622 0.199669 0.084766 0.144871
5 0.014057 0.896962 0.028115 0.085983
5 0.056813 0.858033 0.062740 0.086103
5 0.117549 0.809738 0.060068 0.083741
5 0.174620 0.763212 0.054063 0.066075
5 0.232352 0.720225 0.066745 0.081388
5 0.302102 0.658975 0.067411 0.083741
5 0.259719 0.594839 0.090771 0.136627
5 0.365510 0.686126 0.062073 0.088336
5 0.432255 0.749729 0.064740 0.100119
5 0.490323 0.789187 0.054063 0.080101
5 0.553063 0.846898 0.066073 0.120138
