2 0.067951 0.989706 0.037255 0.020588
3 0.226677 0.391659 0.184885 0.347472
3 0.083844 0.330997 0.123479 0.244991
1 0.674206 0.792707 0.061401 0.414586
1 0.712250 0.441131 0.074750 0.363952
1 0.817375 0.259738 0.052729 0.191994
1 0.980271 0.328644 0.039458 0.230855
1 0.912526 0.816264 0.174948 0.367472
1 0.263388 0.823934 0.047391 0.173143
1 0.304104 0.788594 0.043385 0.184926
1 0.344148 0.706737 0.039380 0.113070
1 0.388203 0.622518 0.050063 0.144871
1 0.487654 0.280294 0.059401 0.395882
1 0.641833 0.123107 0.046052 0.199062
1 0.713586 0.192601 0.048057 0.166085
1 0.534375 0.250317 0.026031 0.137803
1 0.562742 0.226167 0.029370 0.155478
1 0.597781 0.300377 0.044719 0.138989
1 0.641500 0.386356 0.018687 0.082454
1 0.538346 0.434063 0.024766 0.078915
2 0.592109 0.686714 0.020021 0.056535
2 0.605122 0.634297 0.031370 0.045928
2 0.569081 0.763277 0.020693 0.054182
2 0.584435 0.723226 0.023359 0.047114
2 0.549724 0.857505 0.027365 0.070671
2 0.533706 0.967619 0.030036 0.064761
2 0.631833 0.982932 0.035396 0.034136
2 0.634159 0.905735 0.022693 0.044871
2 0.643503 0.817983 0.020026 0.046057
2 0.616341 0.564145 0.016016 0.028603
2 0.618857 0.538506 0.019182 0.029256
2 0.627331 0.512371 0.019370 0.028272
2 0.631148 0.488704 0.016578 0.023676
2 0.642419 0.474076 0.014526 0.025965
2 0.646518 0.447776 0.013786 0.024651
2 0.658159 0.428879 0.018068 0.025643
2 0.671664 0.418525 0.010807 0.020708
2 0.015906 0.964655 0.031813 0.051278
0 0.584500 0.822518 0.161521 0.348640
0 0.632893 0.520988 0.092766 0.256774
