3 0.141984 0.136866 0.051917 0.086710
3 0.247201 0.096379 0.072307 0.095699
3 0.309521 0.195758 0.105260 0.099789
3 0.512560 0.176535 0.133026 0.175864
3 0.421018 0.131140 0.082505 0.099798
5 0.238359 0.866333 0.120146 0.154301
5 0.346487 0.895193 0.130818 0.080092
5 0.140578 0.848667 0.086104 0.055368
5 0.035414 0.948125 0.070828 0.103750
5 0.068492 0.862744 0.075422 0.064899
5 0.100531 0.800905 0.068750 0.051939
5 0.135573 0.749669 0.064073 0.046048
5 0.162938 0.700202 0.073417 0.057831
5 0.202984 0.637771 0.058740 0.057840
5 0.454615 0.673755 0.453865 0.098943
5 0.113211 0.616631 0.127484 0.071847
5 0.184964 0.545960 0.108125 0.050653
5 0.100531 0.551199 0.054062 0.061369
5 0.168276 0.491719 0.069417 0.041342
5 0.202651 0.449315 0.062073 0.048410
2 0.808365 0.790951 0.034708 0.055358
2 0.849411 0.943483 0.034042 0.065956
2 0.819044 0.839246 0.029370 0.060074
2 0.662344 0.494458 0.018240 0.039761
2 0.685008 0.525699 0.018505 0.043548
2 0.650273 0.580841 0.022536 0.037399
3 0.170258 0.227252 0.191891 0.190588
3 0.048820 0.169173 0.096411 0.148051
3 0.189263 0.113557 0.047276 0.094063
1 0.390203 0.303318 0.071417 0.345110
1 0.411896 0.436415 0.070750 0.248529
1 0.571419 0.535358 0.109464 0.396930
0 0.664193 0.540657 0.050729 0.108355
0 0.824383 0.894012 0.110797 0.209660
0 0.883156 0.729701 0.233688 0.133097
1 0.949195 0.411089 0.057401 0.195524
1 0.866430 0.336889 0.076089 0.216719
1 0.302102 0.429940 0.144839 0.379274
