3 0.132148 0.652767 0.236651 0.245368
3 0.332424 0.529269 0.401474 0.238869
4 0.652867 0.491898 0.195214 0.255119
3 0.086107 0.246526 0.142724 0.131618
3 0.354984 0.283088 0.140885 0.165754
3 0.680490 0.219715 0.071823 0.168989
3 0.790987 0.188028 0.141807 0.099127
4 0.243104 0.309085 0.092083 0.181994
4 0.530859 0.245712 0.137198 0.152748
4 0.892737 0.196967 0.056172 0.068254
4 0.123859 0.120593 0.139042 0.103998
4 0.394578 0.066158 0.065375 0.089375
0 0.708529 0.920804 0.100464 0.154531
0 0.761016 0.768061 0.085729 0.148033
0 0.812581 0.626687 0.056266 0.151278
0 0.858206 0.469959 0.029464 0.136498
0 0.837951 0.544706 0.031307 0.084504
0 0.879846 0.394398 0.030391 0.076369
0 0.893659 0.335896 0.034068 0.079623
1 0.912995 0.856852 0.067219 0.286296
1 0.939240 0.659265 0.046042 0.235625
1 0.959495 0.496769 0.046042 0.190119
1 0.961799 0.418773 0.026703 0.206369
1 0.305260 0.323713 0.024865 0.142996
1 0.932794 0.245717 0.022099 0.146250
1 0.964560 0.214839 0.030391 0.074752
5 0.058023 0.894072 0.077349 0.061746
5 0.116034 0.865634 0.047880 0.060129
5 0.165297 0.829890 0.070906 0.056875
5 0.234357 0.799012 0.065380 0.060119
5 0.412536 0.682017 0.034990 0.047123
5 0.446146 0.656016 0.032229 0.050377
5 0.486201 0.635708 0.047880 0.045496
5 0.523031 0.611328 0.027625 0.035744
5 0.548354 0.595892 0.017500 0.024375
5 0.340711 0.729871 0.139964 0.045662
