1 0.449273 0.448787 0.042714 0.308603
1 0.335471 0.406383 0.084766 0.367491
1 0.260719 0.318635 0.063406 0.321553
1 0.704909 0.224995 0.042714 0.287399
1 0.668867 0.260331 0.030703 0.188456
1 0.581763 0.275639 0.038047 0.181388
0 0.615469 0.505322 0.150844 0.103658
1 0.542719 0.233824 0.028031 0.189632
1 0.512682 0.237362 0.029365 0.159007
1 0.177953 0.411094 0.070083 0.296820
1 0.094190 0.432293 0.058734 0.353355
1 0.041794 0.459972 0.075422 0.375735
1 0.498331 0.540657 0.056734 0.372197
1 0.569081 0.758557 0.086099 0.438162
1 0.686888 0.845133 0.086766 0.290928
1 0.268727 0.591305 0.076755 0.240276
1 0.276070 0.777996 0.068745 0.279154
1 0.406557 0.827463 0.054729 0.236746
1 0.469630 0.777992 0.071417 0.335689
3 0.951904 0.405795 0.096193 0.429917
1 0.957872 0.143722 0.078755 0.247353
1 0.892797 0.162564 0.044719 0.261489
1 0.762643 0.196723 0.054068 0.270910
1 0.838398 0.178465 0.056068 0.281507
1 0.720927 0.501788 0.085437 0.181388
