2 0.770521 0.583244 0.014719 0.033860
1 0.187966 0.826287 0.094109 0.323915
1 0.248703 0.692601 0.088771 0.277978
1 0.049135 0.714389 0.063406 0.276792
1 0.105870 0.719104 0.059406 0.253244
1 0.163937 0.465276 0.070083 0.325092
1 0.535375 0.551259 0.032042 0.136636
1 0.564409 0.546549 0.028703 0.101296
1 0.582763 0.511801 0.029370 0.076562
1 0.604122 0.484710 0.022693 0.071847
1 0.641167 0.459972 0.030031 0.090699
1 0.772654 0.768562 0.111464 0.462877
1 0.901807 0.792647 0.100115 0.414706
1 0.972260 0.732638 0.055479 0.534724
1 0.836729 0.571282 0.054063 0.282693
1 0.881115 0.462918 0.068083 0.223796
1 0.750964 0.165510 0.044052 0.215542
1 0.794349 0.207914 0.026698 0.130735
1 0.820378 0.174931 0.012016 0.083631
1 0.920828 0.113686 0.035375 0.213199
2 0.631823 0.891659 0.026031 0.056535
2 0.697333 0.722224 0.023094 0.049632
2 0.713799 0.690570 0.023474 0.034853
2 0.740437 0.631728 0.019375 0.040110
2 0.428602 0.631071 0.027495 0.035892
2 0.405242 0.607799 0.024589 0.028796
2 0.373279 0.580381 0.023693 0.032344
2 0.291242 0.497744 0.020568 0.032748
0 0.510779 0.673851 0.141276 0.151158
0 0.628141 0.764646 0.097896 0.132509
0 0.665964 0.867307 0.175760 0.265386
0 0.720747 0.663010 0.091776 0.141443
3 0.310109 0.333355 0.126146 0.294467
3 0.443602 0.212624 0.091443 0.180211
3 0.534039 0.276820 0.121474 0.268548
3 0.087182 0.180234 0.079427 0.106002
