5 0.056479 0.949903 0.038042 0.074329
5 0.474638 0.646645 0.120141 0.091820
5 0.332471 0.739715 0.046724 0.058897
5 0.373852 0.777992 0.034703 0.069494
5 0.414234 0.815097 0.044719 0.075377
5 0.459286 0.792073 0.045385 0.095524
5 0.496997 0.754384 0.032703 0.071967
5 0.532036 0.709030 0.026698 0.063722
5 0.559404 0.676052 0.030703 0.049586
5 0.591440 0.646016 0.030703 0.064899
5 0.626815 0.605381 0.030703 0.068428
5 0.658521 0.574168 0.030031 0.050763
5 0.686219 0.535887 0.026698 0.059017
5 0.715919 0.497610 0.038047 0.071967
5 0.020104 0.974688 0.034708 0.050625
5 0.092188 0.917514 0.029365 0.075506
5 0.123891 0.891011 0.027365 0.071967
5 0.154930 0.858621 0.038714 0.070790
5 0.190969 0.823281 0.034708 0.073143
5 0.229349 0.790892 0.046052 0.088456
5 0.276070 0.755556 0.042047 0.076682
5 0.315115 0.717868 0.034708 0.071967
5 0.354164 0.681351 0.039380 0.076673
5 0.379859 0.879821 0.032042 0.054292
5 0.393542 0.635418 0.038042 0.079035
5 0.273401 0.989412 0.034042 0.021176
5 0.308443 0.958727 0.033375 0.082546
5 0.346820 0.911034 0.038047 0.079035
5 0.496328 0.977040 0.055396 0.045919
5 0.549057 0.923401 0.052729 0.150882
5 0.607461 0.842128 0.061401 0.188575
5 0.666865 0.753791 0.046719 0.143814
5 0.719258 0.673695 0.047391 0.136746
5 0.764313 0.585947 0.042719 0.112022
5 0.816039 0.504085 0.055401 0.122619
5 0.454615 0.574756 0.069417 0.047233
5 0.511680 0.528819 0.038047 0.066075
5 0.555398 0.496429 0.038714 0.055469
5 0.596784 0.451668 0.030703 0.064899
5 0.461289 0.472339 0.057401 0.070671
1 0.322458 0.464099 0.108125 0.327445
1 0.225344 0.470556 0.115469 0.561884
1 0.111544 0.437597 0.120141 0.474678
1 0.373518 0.111916 0.032703 0.160193
1 0.579760 0.292128 0.038042 0.207307
1 0.613802 0.309210 0.026031 0.222610
1 0.639833 0.340423 0.026031 0.190809
1 0.616805 0.351608 0.016016 0.093051
1 0.681214 0.340423 0.028698 0.171967
1 0.729938 0.354554 0.050062 0.193171
1 0.729924 0.230882 0.034016 0.146048
1 0.769987 0.264453 0.031370 0.177858
1 0.487654 0.218516 0.050057 0.147233
1 0.531552 0.219104 0.042115 0.137748
1 0.558510 0.188336 0.026823 0.134908
1 0.580508 0.196383 0.021995 0.170873
1 0.616852 0.121829 0.032453 0.185551
1 0.664461 0.159697 0.041307 0.177040
1 0.401997 0.360873 0.049089 0.205441
1 0.447596 0.310464 0.066255 0.198336
3 0.235956 0.160326 0.137495 0.179035
3 0.021531 0.150905 0.043063 0.162546
