2 0.974557 0.714982 0.034708 0.065956
3 0.906185 0.340423 0.187630 0.343934
3 0.448273 0.531824 0.303693 0.545340
3 0.249039 0.280938 0.113464 0.187279
3 0.307440 0.235005 0.104786 0.163722
3 0.383198 0.201434 0.096115 0.136636
3 0.439930 0.164922 0.082766 0.138980
3 0.504005 0.143130 0.044052 0.100119
2 0.909828 0.637256 0.028052 0.044789
3 0.061453 0.268516 0.112198 0.186222
3 0.774326 0.210267 0.120141 0.095404
3 0.706911 0.178465 0.073417 0.126029
2 0.235354 0.564214 0.026031 0.032987
2 0.218635 0.729701 0.032771 0.053006
2 0.242365 0.658975 0.018687 0.046057
2 0.267693 0.624288 0.030771 0.054182
2 0.284414 0.756204 0.037380 0.047114
2 0.637497 0.239655 0.013349 0.020138
2 0.693562 0.310386 0.017354 0.029449
2 0.727935 0.364568 0.016682 0.017665
2 0.750294 0.437008 0.020026 0.037693
2 0.785003 0.500018 0.014682 0.029449
2 0.830388 0.522987 0.020026 0.028272
3 0.558401 0.138419 0.046052 0.076562
0 0.672536 0.286829 0.050062 0.107188
0 0.765646 0.458208 0.045385 0.143695
0 0.808698 0.527702 0.043385 0.171967
0 0.861424 0.599550 0.058068 0.183750
0 0.923167 0.677877 0.061406 0.154301
0 0.977268 0.738539 0.045464 0.120147
0 0.080172 0.683180 0.158854 0.143695
0 0.193307 0.604793 0.064740 0.185046
5 0.680547 0.839233 0.067417 0.321535
5 0.886456 0.826875 0.100120 0.343934
0 0.622479 0.190836 0.046052 0.127206
0 0.720594 0.372224 0.042052 0.124853
